time,steer,accel,brake,gear,speedX,speedY,speedZ,frontLeftSpin,frontRightSpin,rearLeftSpin,rearRightSpin,trackPos,distFromStart,angle,rpm,damage,track_0,track_1,track_2,track_3,track_4,track_5,track_6,track_7,track_8,track_9,track_10,track_11,track_12,track_13,track_14,track_15,track_16,track_17,track_18,focus_0,focus_1,focus_2,focus_3,focus_4
1.364,0.0,0.9999999999999976,0.0,3,59.1641,-0.00172939,0.365172,54.068,54.0669,113.558,113.558,0.317513,0.283155,0.0106003,11759.9,0.0,5.9407,15.2219,200.0,116.443,75.5155,64.2809,59.5706,55.9895,53.6892,51.574,49.623,47.8176,45.5056,43.1302,39.3044,33.4422,26.5346,20.1751,10.812,-1.0,-1.0,-1.0,-1.0,-1.0
1.384,0.0,0.9999999999999982,0.0,3,60.1254,-0.00186629,0.394601,54.9457,54.9445,114.782,114.782,0.316864,0.618896,0.0127807,11886.0,0.0,5.9605,15.3877,200.0,115.699,75.0319,63.869,59.1888,55.6306,53.345,51.2434,49.3047,47.511,45.2138,42.8537,39.0523,33.2276,26.3815,20.0783,10.7859,-1.0,-1.0,-1.0,-1.0,-1.0
1.404,0.0,0.9999999999999987,0.0,3,61.0939,-0.00210234,0.425057,55.8267,55.8253,115.903,115.903,0.316083,0.960079,0.0149953,12001.5,0.0,5.98182,15.5641,200.0,114.945,74.541,63.4509,58.8011,55.2662,52.9954,50.9075,48.9816,47.1994,44.9173,42.5726,38.7961,33.0096,26.2252,19.9792,10.7585,-1.0,-1.0,-1.0,-1.0,-1.0
1.424,0.0,0.999999999999999,0.0,3,62.0679,-0.00240627,0.45261,56.7112,56.7098,116.944,116.944,0.315163,1.30669,0.0172442,12109.0,0.0,6.00478,15.7515,200.0,114.179,74.0428,63.0262,58.4074,54.8962,52.6406,50.5665,48.6535,46.8831,44.6162,42.2873,38.536,32.7881,26.066,19.8777,10.7299,-1.0,-1.0,-1.0,-1.0,-1.0
1.444,0.0,0.9999999999999992,0.0,3,62.6019,-0.0110906,0.201416,57.3067,57.2929,124.071,124.071,0.314097,1.65738,0.019443,12858.2,0.0,6.02883,15.9443,200.0,113.494,73.5762,62.6237,58.0326,54.5422,52.3001,50.2388,48.3374,46.578,44.325,42.0105,38.2826,32.571,25.9091,19.7771,10.7007,-1.0,-1.0,-1.0,-1.0,-1.0
1.464,0.0,0.9999999999999994,0.0,3,63.4739,-0.00677401,0.14135,58.0208,58.0267,126.691,126.691,0.312881,2.01206,0.0217726,13124.2,0.0,6.05527,16.1575,200.0,112.676,73.0515,62.1787,57.6205,54.1553,51.9295,49.8829,47.9953,46.2485,44.0118,41.7136,38.0124,32.3416,25.7428,19.6702,10.6692,-1.0,-1.0,-1.0,-1.0,-1.0
1.484,0.0,0.9999999999999996,0.0,3,64.3962,-0.00515411,0.112393,58.8454,58.847,128.598,128.598,0.311518,2.37177,0.024117,13318.0,0.0,6.08331,16.3825,200.0,111.868,72.5291,61.7343,57.2087,53.7684,51.5584,49.5266,47.6524,45.918,43.6973,41.4158,37.741,32.1107,25.575,19.5618,10.6367,-1.0,-1.0,-1.0,-1.0,-1.0
1.504,0.0,0.9999999999999997,0.0,3,65.3681,-0.00505476,0.11245,59.7154,59.7137,129.828,129.828,0.309992,2.73679,0.0264841,13442.1,0.0,6.11315,16.6215,200.0,111.062,72.0044,61.287,56.7943,53.3787,51.1847,49.1676,47.3067,45.585,43.3803,41.1151,37.467,31.8776,25.4047,19.4512,10.6028,-1.0,-1.0,-1.0,-1.0,-1.0
1.524,0.0,0.9999999999999998,0.0,3,66.377,-0.0059144,0.133449,60.6228,60.619,130.54,130.54,0.308299,3.10734,0.0288783,13513.6,0.0,6.14489,16.876,200.0,110.254,71.4758,60.8363,56.376,52.9855,50.8074,48.8049,46.9577,45.2487,43.06,40.8114,37.19,31.6414,25.2318,19.3384,10.5675,-1.0,-1.0,-1.0,-1.0,-1.0
1.544,0.0,0.9999999999999998,0.0,3,67.4062,-0.0073438,0.165145,61.5549,61.5497,130.958,130.958,0.30643,3.4836,0.031303,13555.9,0.0,6.17868,17.1475,200.0,109.44,70.9422,60.3806,55.9532,52.5875,50.4255,48.4381,46.6045,44.908,42.7357,40.5039,36.9095,31.4024,25.0558,19.2231,10.5307,-1.0,-1.0,-1.0,-1.0,-1.0
1.564,0.0,0.9999999999999998,0.0,3,68.4368,-0.00917221,0.21783,62.5194,62.537,131.303,131.303,0.304372,3.86558,0.033759,13591.7,0.0,6.21463,17.4382,200.0,108.619,70.4022,59.9193,55.5251,52.1846,50.0391,48.0663,46.2467,44.5629,42.4071,40.1922,36.625,31.1599,24.8766,19.1051,10.4924,-1.0,-1.0,-1.0,-1.0,-1.0
1.584,0.0,0.9999999999999998,0.0,3,69.4623,-0.0120175,0.318546,63.4974,63.4899,131.707,131.707,0.302129,4.25329,0.0362402,13634.0,0.0,6.25269,17.7485,200.0,107.799,69.8599,59.4551,55.094,51.779,49.6495,47.6918,45.886,44.2152,42.0757,39.8777,36.3378,30.9149,24.6949,18.9849,10.4526,-1.0,-1.0,-1.0,-1.0,-1.0
1.604,0.0,0.9999999999999998,0.0,3,70.4794,-0.0160947,0.40011,64.4237,64.4131,132.244,132.244,0.299683,4.64661,0.038742,13690.6,0.0,6.29301,18.0803,200.0,106.982,69.3164,58.989,54.6607,51.3706,49.2575,47.3146,45.5226,43.8646,41.7416,39.5607,36.0483,30.6675,24.5103,18.8623,10.4112,-1.0,-1.0,-1.0,-1.0,-1.0
1.624,0.0,0.9999999999999998,0.0,3,71.4801,-0.0212779,0.453773,65.334,65.3206,133.01,133.01,0.297035,5.04555,0.0412644,13771.0,0.0,6.33565,18.4356,200.0,106.17,68.7713,58.5208,54.2251,50.9599,48.8629,46.9351,45.1567,43.5116,41.4051,39.241,35.756,30.4177,24.3235,18.7375,10.3683,-1.0,-1.0,-1.0,-1.0,-1.0
1.644,0.0,0.9999999999999998,0.0,3,72.4671,-0.0270979,0.484299,66.2314,66.216,133.97,133.97,0.294177,5.44998,0.0438097,13871.2,0.0,6.38068,18.817,200.0,105.358,68.2236,58.0497,53.7866,50.5465,48.4656,46.5525,44.788,43.1557,41.0656,38.9185,35.4612,30.1654,24.1338,18.6102,10.3238,-1.0,-1.0,-1.0,-1.0,-1.0
1.664,0.0,0.9999999999999998,0.0,3,73.4456,-0.0334408,0.495405,67.1187,67.1013,135.059,135.059,0.2911,5.85983,0.0463779,13984.5,0.0,6.42825,19.2279,200.0,104.546,67.673,57.5752,53.3448,50.1297,48.0649,46.1667,44.4161,42.7967,40.723,38.5932,35.1634,29.9105,23.9412,18.4805,10.2776,-1.0,-1.0,-1.0,-1.0,-1.0
1.684,0.0,0.9999999999999998,0.0,3,74.4192,-0.0404326,0.491861,68.002,67.9821,136.224,136.224,0.287801,6.27507,0.0489671,14105.3,0.0,6.47838,19.6711,200.0,103.735,67.1197,57.0981,52.9,49.7099,47.6613,45.7782,44.0414,42.4347,40.3777,38.2648,34.863,29.653,23.746,18.3482,10.2298,-1.0,-1.0,-1.0,-1.0,-1.0
1.704,0.0,0.9999999999999998,0.0,3,75.3908,-0.0482768,0.479247,68.8858,68.8629,137.425,137.425,0.284274,6.69563,0.0515743,14229.8,0.0,6.53116,20.1503,200.0,102.928,66.5654,56.6191,52.4532,49.2881,47.2555,45.3873,43.6644,42.0706,40.0301,37.9343,34.5602,29.3935,23.5482,18.2136,10.1802,-1.0,-1.0,-1.0,-1.0,-1.0
1.724,0.0,0.9999999999999998,0.0,3,76.4698,-0.053332,0.546111,69.8188,69.798,137.175,137.175,0.280502,7.12179,0.0542403,14193.9,0.0,6.58708,20.6767,200.0,102.082,65.9919,56.125,51.9932,48.8541,46.8383,44.9856,43.2771,41.6967,39.6735,37.5956,34.2501,29.1281,23.3452,18.0752,10.1286,-1.0,-1.0,-1.0,-1.0,-1.0
1.744,0.0,0.9999999999999998,0.0,3,77.5761,-0.0593915,0.629802,70.8295,70.8018,136.439,136.439,0.276487,7.554,0.0569246,14117.9,0.0,6.64588,21.2509,200.0,101.243,65.4182,55.6297,51.5315,48.4182,46.4192,44.5819,42.8877,41.3206,39.3146,37.2544,33.9379,28.8604,23.1396,17.9342,10.0752,-1.0,-1.0,-1.0,-1.0,-1.0
1.764,0.0,0.9999999999999998,0.0,3,78.6632,-0.0676469,0.702761,71.8409,71.8053,135.921,135.921,0.272212,7.99222,0.0596208,14066.2,0.0,6.70764,21.8804,200.0,100.416,64.8465,55.1347,51.0694,47.9817,45.9991,44.1772,42.4973,40.9433,38.9543,36.9117,33.6238,28.5909,22.9316,17.7908,10.0199,-1.0,-1.0,-1.0,-1.0,-1.0
1.784,0.0,0.9999999999999998,0.0,3,79.7063,-0.0778769,0.747908,72.8235,72.7825,135.984,135.984,0.267672,8.43628,0.0623276,14076.5,0.0,6.77248,22.5749,200.0,99.6026,64.2766,54.6399,50.6074,47.5445,45.5783,43.7715,42.1056,40.5647,38.5926,36.5673,33.3081,28.3195,22.7209,17.645,9.96284,-1.0,-1.0,-1.0,-1.0,-1.0
1.804,0.0,0.9999999999999998,0.0,3,80.7057,-0.0896237,0.765527,73.762,73.7162,136.663,136.663,0.262866,8.88588,0.0650459,14149.3,0.0,6.84045,23.3456,200.0,98.7989,63.7083,54.1451,50.1443,47.1063,45.1564,43.3645,41.7126,40.1845,38.2293,36.2215,32.9905,28.0463,22.5078,17.4968,9.90391,-1.0,-1.0,-1.0,-1.0,-1.0
1.824,0.0,0.9999999999999998,0.0,3,81.6772,-0.102777,0.797788,74.7019,74.666,137.706,137.706,0.257782,9.34084,0.0677701,14258.4,0.0,6.91167,24.1467,200.0,98.0095,63.1425,53.6512,49.682,46.6682,44.734,42.9569,41.3187,39.8037,37.8648,35.8745,32.6716,27.7715,22.2923,17.3462,9.8431,-1.0,-1.0,-1.0,-1.0,-1.0
1.844,0.0,0.9999999999999998,0.0,3,82.645,-0.119635,0.860553,75.6125,75.5499,138.839,138.839,0.252419,9.80099,0.0704765,14375.6,0.0,6.98599,24.9429,200.0,97.2573,62.5891,53.165,49.2256,46.2351,44.3162,42.5533,40.9282,39.4257,37.5029,35.5292,32.3538,27.4971,22.0756,17.194,9.78058,-1.0,-1.0,-1.0,-1.0,-1.0
1.864,0.0,0.9999999999999998,0.0,3,83.6181,-0.140317,0.911818,76.4966,76.423,139.921,139.921,0.246768,10.2664,0.0731656,14487.2,0.0,7.06352,25.734,200.0,96.5411,62.0477,52.6863,48.7749,45.8067,43.9024,42.153,40.5408,39.0503,37.143,35.1856,32.0371,27.2226,21.8575,17.0401,9.71628,-1.0,-1.0,-1.0,-1.0,-1.0
1.884,0.0,0.9999999999999998,0.0,3,84.5979,-0.164168,0.9497,77.383,77.2992,140.917,140.917,0.240827,10.7371,0.075839,14589.9,0.0,7.14433,26.5181,200.0,95.8592,61.517,52.2145,48.3299,45.3828,43.4922,41.7562,40.1563,38.6772,36.7853,34.8436,31.721,26.9483,21.6379,16.8844,9.65025,-1.0,-1.0,-1.0,-1.0,-1.0
1.904,0.0,0.9999999999999998,0.0,3,85.5826,-0.191113,0.975658,78.2755,78.1808,141.844,141.844,0.234581,11.213,0.0784947,14685.6,0.0,7.22853,27.2948,200.0,95.2124,60.9973,51.7492,47.8898,44.963,43.0858,41.3624,39.7743,38.3065,36.4291,34.5028,31.4058,26.6737,21.4166,16.7267,9.58231,-1.0,-1.0,-1.0,-1.0,-1.0
1.924,0.0,0.9999999999999998,0.0,3,86.5707,-0.221501,0.988805,79.1708,79.0641,142.727,142.727,0.22803,11.6942,0.0811275,14776.7,0.0,7.31622,28.0614,200.0,94.6066,60.4908,51.2923,47.4565,44.5485,42.6842,40.9725,39.3959,37.9387,36.0754,34.1641,31.0918,26.3997,21.194,16.5672,9.51256,-1.0,-1.0,-1.0,-1.0,-1.0
1.944,0.0,0.9999999999999998,0.0,3,87.5732,-0.25545,1.00205,80.0717,79.9519,143.425,143.425,0.221166,12.1807,0.0837392,14844.3,0.0,7.40745,28.8174,200.0,94.0386,59.9961,50.8426,47.0288,44.1388,42.2865,40.5862,39.0203,37.5736,35.7238,33.8268,30.7786,26.1256,20.9698,16.4058,9.44089,-1.0,-1.0,-1.0,-1.0,-1.0
1.964,0.0,0.9999999999999998,0.0,3,88.6792,-0.286887,1.08297,81.0386,80.9104,142.665,142.665,0.213977,12.6728,0.0863683,14761.1,0.0,7.50277,29.5714,200.0,93.4702,59.4972,50.3887,46.5969,43.7248,41.8846,40.1959,38.6409,37.2046,35.3684,33.486,30.4622,25.8485,20.7419,16.2412,9.36693,-1.0,-1.0,-1.0,-1.0,-1.0
1.984,0.0,0.9999999999999998,0.0,3,89.789,-0.323932,1.16117,82.0577,81.9096,141.763,141.763,0.206451,13.1709,0.0889542,14668.2,0.0,7.60171,30.3077,200.0,92.9658,59.0197,49.9486,46.1763,43.3202,41.491,39.813,38.2681,36.8414,35.0182,33.1493,30.1486,25.573,20.5132,16.075,9.29108,-1.0,-1.0,-1.0,-1.0,-1.0
2.006,0.0,0.9999999999999998,0.0,3,90.9835,-0.371733,1.22727,83.1764,83.0047,141.073,141.073,0.197782,13.7255,0.0917389,14599.4,0.0,7.71479,31.0928,200.0,92.4936,58.5221,49.4829,45.7282,42.8877,41.0693,39.4016,37.8668,36.4498,34.6395,32.7846,29.8079,25.272,20.261,15.8907,9.20549,-1.0,-1.0,-1.0,-1.0,-1.0
2.028,0.0,0.9999999999999998,0.0,3,92.1241,-0.427612,1.25869,84.2631,84.0668,141.095,141.095,0.188695,14.2869,0.0944463,14605.0,0.0,7.83216,31.8465,200.0,92.1234,58.059,49.0397,45.299,42.471,40.6615,39.0029,37.4768,36.0685,34.2697,32.4276,29.4728,24.9743,20.01,15.7048,9.11766,4.87674,4.88277,4.89034,4.89948,4.9102
2.05,0.0,0.9999999999999998,0.0,3,93.2228,-0.491557,1.302,85.3453,85.1272,141.658,141.658,0.179194,14.8548,0.0970498,14664.9,0.0,7.95359,32.5595,200.0,91.8835,57.6408,48.6265,44.8945,42.0755,40.2729,38.6211,37.1023,35.7011,33.9123,32.0811,29.146,24.6818,19.7615,15.5182,9.02783,-1.0,-1.0,-1.0,-1.0,-1.0
2.072,0.0,0.9999999999999998,0.0,3,94.3105,-0.569319,1.35709,86.3748,86.1074,142.409,142.409,0.169271,15.4289,0.0994961,14743.0,0.0,8.07856,33.2165,200.0,91.8337,57.2883,48.2583,44.5271,41.712,39.9129,38.2657,36.7516,35.3554,33.574,31.7515,28.8323,24.3978,19.5176,15.3322,8.93625,-1.0,-1.0,-1.0,-1.0,-1.0
2.094,0.0,0.9999999999999998,0.0,3,95.3991,-0.662145,1.39918,87.3826,87.0731,143.154,143.154,0.158925,16.0092,0.101776,14819.8,0.0,8.20694,33.8128,200.0,91.9923,57.0068,47.9375,44.1992,41.3822,39.5838,37.9378,36.4261,35.0327,33.2561,31.4396,28.5327,24.1229,19.2785,15.1467,8.84296,-1.0,-1.0,-1.0,-1.0,-1.0
2.116,0.0,0.9999999999999998,0.0,4,96.4935,-0.769983,1.42932,88.3929,88.0388,143.81,143.81,0.148153,16.5959,0.103878,14887.2,0.0,8.33861,34.3443,200.0,92.3867,56.8026,47.6684,43.9141,41.0891,39.2874,37.6399,36.1274,34.7346,32.9597,31.1464,28.2478,23.8577,19.0447,14.9619,8.74795,-1.0,-1.0,-1.0,-1.0,-1.0
2.138,0.0,0.9999999999999998,0.0,4,97.5872,-0.89036,1.44967,89.4088,89.0069,127.891,128.08,0.13695,17.1887,0.105786,12061.8,0.0,8.47332,34.8063,200.0,93.052,56.6841,47.4561,43.6759,40.8361,39.0271,37.3743,35.8584,34.4632,32.687,30.8741,27.9793,23.6032,18.8167,14.7779,8.65129,-1.0,-1.0,-1.0,-1.0,-1.0
2.16,0.0,0.9999999999999998,0.0,4,98.7108,-0.999396,1.49519,90.42,89.9874,110.083,110.142,0.125323,17.7877,0.107589,12052.8,0.0,8.61198,35.2223,200.0,93.9115,56.6181,47.2765,43.4637,40.6047,38.786,37.1259,35.6046,34.2057,32.4261,30.6116,27.7182,23.3531,18.5907,14.5923,8.55239,-1.0,-1.0,-1.0,-1.0,-1.0
2.182,0.0,0.9999999999999998,0.0,4,99.8132,-1.01303,1.57259,91.443,91.0384,92.693,92.6832,0.113319,18.3934,0.109599,7744.47,0.0,8.75786,35.6739,200.0,94.609,56.4742,47.0392,43.2015,40.3291,38.5039,36.8395,35.3156,33.9152,32.1354,30.3223,27.4348,23.0867,18.3541,14.3978,8.44959,-1.0,-1.0,-1.0,-1.0,-1.0
2.204,0.0,0.9999999999999998,0.0,4,100.506,-0.811011,1.63445,92.1311,91.9487,92.2731,92.2731,0.101084,19.0039,0.112699,7767.46,0.0,8.92053,36.394,200.0,94.03,55.8698,46.4824,42.6703,39.8192,38.0086,36.3581,34.8476,33.46,31.6972,29.9021,27.0449,22.7462,18.0725,14.1748,8.33861,-1.0,-1.0,-1.0,-1.0,-1.0
2.226,0.0,0.9999999999999998,0.0,4,101.139,-0.607016,1.6612,92.6766,92.6295,93.1397,93.1397,0.0886358,19.618,0.116487,7841.22,0.0,9.09587,37.2829,200.0,92.634,54.979,45.7288,41.9737,39.1657,37.383,35.7579,34.2708,32.9048,31.1696,29.4029,26.5911,22.3616,17.7644,13.9347,8.22233,-1.0,-1.0,-1.0,-1.0,-1.0
2.248,0.0,0.9999999999999998,0.0,4,101.779,-0.449732,1.68642,93.2653,93.2504,94.021,94.021,0.0758972,20.2354,0.120421,7915.02,0.0,9.27849,38.2014,200.0,91.0853,54.036,44.9395,41.2472,38.4868,36.7341,35.1366,33.6747,32.3319,30.6262,28.8897,26.126,21.9694,17.4518,13.6902,8.10373,-1.0,-1.0,-1.0,-1.0,-1.0
2.27,0.12,0.9999999999999998,0.0,4,102.435,-0.337749,1.72001,93.8686,93.8479,94.779,94.779,0.0628077,20.8563,0.124358,7978.31,0.0,9.4673,39.1128,200.0,89.5575,53.1004,44.1553,40.5254,37.8116,36.0887,34.5183,33.0815,31.7619,30.0854,28.3788,25.663,21.5786,17.1401,13.4449,7.98327,-1.0,-1.0,-1.0,-1.0,-1.0
2.292,0.24,0.9999999999999998,0.0,4,103.09,-0.0171205,1.74713,94.6007,94.1143,95.4661,95.4661,0.0495249,21.4808,0.126219,8036.18,0.0,9.63193,39.3996,200.0,90.5421,53.0355,43.9704,40.307,37.5737,35.841,34.2636,32.8216,31.4983,29.8191,28.1114,25.3978,21.3259,16.9132,13.2491,7.87395,-1.0,-1.0,-1.0,-1.0,-1.0
2.314,0.34355750000000007,0.9999999999999998,0.0,4,103.719,0.129043,1.76785,95.4173,94.1109,96.2333,96.2333,0.0364126,22.1091,0.123576,8101.29,0.0,9.73258,38.4011,200.0,97.8167,54.9956,45.1549,41.2314,38.3237,36.4891,34.8246,33.3076,31.9198,30.1639,28.3847,25.5704,21.3769,16.8717,13.1613,7.79171,-1.0,-1.0,-1.0,-1.0,-1.0
2.336,0.22355750000000008,0.9999999999999998,0.0,4,104.316,0.0115681,1.78152,96.1673,94.0467,97.1704,97.1704,0.0237172,22.7411,0.116602,8180.77,0.0,9.76814,36.407,200.0,115.108,59.5266,47.9866,43.5008,40.2175,38.1636,36.3118,34.6339,33.1068,31.1855,29.2509,26.2156,21.7483,17.0217,13.1836,7.73702,-1.0,-1.0,-1.0,-1.0,-1.0
2.358,0.10355750000000008,0.9999999999999998,0.0,4,104.937,-0.409905,1.82616,97.3573,94.5592,97.8457,97.8457,0.0115382,23.3769,0.107129,8236.35,0.0,9.76432,34.132,126.322,149.492,66.8832,52.4424,47.0384,43.1544,40.7544,38.6101,36.6828,34.9412,32.7676,30.5978,27.2314,22.3591,17.3075,13.2813,7.70056,-1.0,-1.0,-1.0,-1.0,-1.0
2.38,0.0,0.9999999999999998,0.0,4,105.599,-1.01242,1.87329,98.0276,95.4335,98.4937,98.4937,-0.000277201,24.0166,0.0988048,8290.42,0.0,9.77305,32.3762,100.737,173.837,75.7247,57.4764,50.9428,46.3408,43.5356,41.0536,38.8421,36.8594,34.4051,31.9775,28.2546,22.958,17.5777,13.3678,7.66022,-1.0,-1.0,-1.0,-1.0,-1.0
2.402,0.0,0.9999999999999998,0.0,4,106.299,-1.50978,1.90945,98.1664,96.5516,98.9475,98.9475,-0.0120544,24.6603,0.095109,8327.81,0.0,9.84199,31.5849,90.1805,179.336,82.3499,60.9381,53.5295,48.3895,45.2876,42.5624,40.1495,37.998,35.3508,32.7493,28.7918,23.2278,17.6539,13.3461,7.59274,-1.0,-1.0,-1.0,-1.0,-1.0
2.424,0.0,0.9999999999999998,0.0,4,107.007,-1.49661,1.93018,98.3825,97.6302,99.3799,99.3799,-0.0239512,25.308,0.0957634,8364.76,0.0,9.9645,31.5389,87.0051,180.855,85.0479,62.1181,54.3216,48.9534,45.7296,42.9072,40.4157,38.2006,35.4825,32.8197,28.7847,23.1436,17.5294,13.2155,7.49862,-1.0,-1.0,-1.0,-1.0,-1.0
2.446,0.0,0.9999999999999998,0.0,4,107.712,-1.28514,1.94391,98.8262,98.484,99.9418,99.9418,-0.0359573,25.9596,0.0983912,8412.42,0.0,10.1089,31.7995,86.4358,180.958,85.5829,62.1167,54.2046,48.7762,45.5237,42.681,40.1753,37.9503,35.2236,32.5564,28.5221,22.8965,17.3148,13.0373,7.39241,-1.0,-1.0,-1.0,-1.0,-1.0
2.468,0.0,0.9999999999999998,0.0,4,108.419,-1.03812,1.95102,99.3818,99.224,100.575,100.575,-0.0481339,26.6152,0.101914,8465.92,0.0,10.2618,32.1899,86.917,180.473,85.0722,61.5622,53.6667,48.2588,45.0223,42.1956,39.7057,37.4962,34.79,32.1446,28.1468,22.5788,17.062,12.8393,7.28034,-1.0,-1.0,-1.0,-1.0,-1.0
2.49,0.0,0.9999999999999998,0.0,4,109.13,-0.814348,1.95545,99.9917,99.9157,101.235,101.235,-0.0605469,27.2745,0.105846,8521.45,0.0,10.4177,32.6348,87.8387,179.734,84.0926,60.7645,52.9454,47.5942,44.3933,41.5987,39.138,36.9548,34.282,31.67,27.7242,22.232,16.7939,12.634,7.16489,-1.0,-1.0,-1.0,-1.0,-1.0
2.512,0.0,0.9999999999999998,0.0,4,109.845,-0.629836,1.95972,100.628,100.589,101.903,101.903,-0.0732803,27.9377,0.109971,8577.69,0.0,10.5746,33.1025,88.9483,178.879,82.9077,59.8619,52.1452,46.8665,43.7098,40.9545,38.5287,36.3768,33.7428,31.1691,27.2821,21.8733,16.5198,12.426,7.04671,-1.0,-1.0,-1.0,-1.0,-1.0
2.534,0.0,0.9999999999999998,0.0,4,110.568,-0.483383,1.97026,101.279,101.257,102.527,102.527,-0.0863927,28.6047,0.114202,8629.94,0.0,10.7316,33.5803,90.1455,177.966,81.627,58.9106,51.3088,46.11,43.0016,40.2887,37.9006,35.7823,33.1895,30.6565,26.8313,21.5096,16.2434,12.217,6.92726,-1.0,-1.0,-1.0,-1.0,-1.0
2.556,0.0,0.9999999999999998,0.0,4,111.294,-0.368825,1.98623,101.94,101.928,103.168,103.168,-0.0999374,29.2755,0.118502,8684.16,0.0,10.889,34.0644,91.394,177.015,80.2911,57.9313,50.4515,45.3368,42.279,39.6105,37.2615,35.178,32.6281,30.137,26.3755,21.1429,15.9654,12.0073,6.80783,-1.0,-1.0,-1.0,-1.0,-1.0
2.578,0.0,0.9999999999999998,0.0,4,112.021,-0.28106,2.00269,102.604,102.597,103.856,103.856,-0.113953,29.95,0.122851,8742.19,0.0,11.0465,34.5521,92.6699,176.041,78.9259,56.9368,49.5827,44.5543,41.5484,38.9252,36.6162,34.5683,32.062,29.6135,25.9166,20.7742,15.6864,11.7971,6.68833,-1.0,-1.0,-1.0,-1.0,-1.0
2.6,0.12,0.9999999999999998,0.0,4,112.753,-0.214701,2.01777,103.272,103.268,104.572,104.572,-0.128479,30.6283,0.127235,8802.52,0.0,11.2044,35.0423,93.9609,175.05,77.5442,55.9334,48.707,43.7662,40.8128,38.2355,35.967,33.955,31.4927,29.0873,25.4556,20.4041,15.4065,11.5863,6.5686,-1.0,-1.0,-1.0,-1.0,-1.0
2.622,0.0,0.9999999999999998,0.0,4,113.478,0.0538658,2.02658,104.034,103.612,105.326,105.326,-0.143346,31.3104,0.129595,8866.26,0.0,11.3302,35.1613,92.6094,175.428,78.5544,56.1636,48.7637,43.7292,40.7294,38.1174,35.8228,33.7912,31.3093,28.8897,25.2451,20.1934,15.2155,11.4238,6.46006,-1.0,-1.0,-1.0,-1.0,-1.0
2.644,-0.0156852,0.9999999999999998,0.0,4,114.209,-0.235665,2.03395,104.922,104.262,106.107,106.107,-0.158488,31.9963,0.13071,8931.74,0.0,11.434,35.0497,89.8205,176.558,81.2769,57.2286,49.4401,44.1853,41.071,38.3696,36.0041,33.9158,31.3724,28.9007,25.1927,20.0825,15.0802,11.2917,6.35912,-1.0,-1.0,-1.0,-1.0,-1.0
2.666,-0.0157062,0.9999999999999998,0.0,4,114.956,-0.376689,2.04124,105.395,105.163,106.825,106.825,-0.174089,32.6892,0.130885,8992.03,0.0,11.5717,35.3318,89.7692,176.229,81.1921,56.8672,49.0438,43.7806,40.667,37.9696,35.6102,33.5294,30.9975,28.5398,24.8577,19.7929,14.8459,11.1063,6.2463,-1.0,-1.0,-1.0,-1.0,-1.0
2.688,-0.015732239999999998,0.9999999999999998,0.0,4,115.709,-0.344982,2.04957,105.951,105.991,107.538,107.538,-0.189796,33.3879,0.131102,9052.09,0.0,11.7298,35.8427,91.222,175.089,79.366,55.6475,48.0084,42.8663,39.8231,37.1861,34.8791,32.8439,30.3672,27.9626,24.3589,19.4002,14.5547,10.8903,6.12649,-1.0,-1.0,-1.0,-1.0,-1.0
2.71,-0.015827759999999996,0.9999999999999998,0.0,4,116.465,-0.257764,2.05376,106.582,106.746,108.313,108.313,-0.205599,34.0911,0.131898,9117.46,0.0,11.898,36.4616,93.3803,173.573,76.8218,54.0714,46.7068,41.7392,38.7954,36.2421,34.0065,32.033,29.6296,27.2941,23.7909,18.9635,14.2388,10.6609,6.00333,-1.0,-1.0,-1.0,-1.0,-1.0
2.732,-0.015954839999999998,0.9999999999999998,0.0,4,117.228,-0.162611,2.05856,107.249,107.471,109.063,109.063,-0.221516,34.799,0.132957,9180.42,0.0,12.0717,37.1373,95.9205,171.859,74.0218,52.3615,45.3034,40.5295,37.6957,35.2347,33.0777,31.1718,28.8485,26.5885,23.1941,18.5081,13.912,10.4252,5.87828,-1.0,-1.0,-1.0,-1.0,-1.0
2.754,-0.016097280000000002,0.9999999999999998,0.0,4,117.997,-0.0759723,2.06661,107.937,108.187,109.786,109.786,-0.237579,35.5114,0.134144,9241.24,0.0,12.2495,37.8488,98.7107,170.017,71.1588,50.6105,43.8664,39.2913,36.5703,34.2042,32.1279,30.2914,28.0504,25.8679,22.5851,18.0441,13.5798,10.186,5.75178,-1.0,-1.0,-1.0,-1.0,-1.0
2.776,-0.016247519999999998,0.9999999999999998,0.0,4,118.773,-0.00255976,2.07824,108.638,108.903,110.503,110.503,-0.253814,36.2285,0.135396,9301.53,0.0,12.4307,38.5868,101.694,168.076,68.3154,48.8586,42.4256,38.0482,35.4396,33.1681,31.1724,29.4054,27.2466,25.1418,21.9712,17.5759,13.2443,9.94435,5.62394,-1.0,-1.0,-1.0,-1.0,-1.0
2.798,-0.01640208,0.9999999999999998,0.0,4,119.553,0.0575703,2.09278,109.347,109.619,111.227,111.227,-0.270241,36.9503,0.136684,9362.54,0.0,12.6149,39.3473,104.846,166.043,65.5268,47.1236,40.9942,36.8106,34.3125,32.1342,30.2181,28.5197,26.4424,24.4146,21.3554,17.1054,12.9064,9.70066,5.49475,-1.0,-1.0,-1.0,-1.0,-1.0
2.82,0.10359792,0.9999999999999998,0.0,4,120.337,0.106155,2.10899,110.062,110.338,111.969,111.969,-0.286877,37.6767,0.137992,9425.04,0.0,12.8022,40.1287,108.162,163.914,62.8058,45.4126,39.5776,35.5828,33.1927,31.1057,29.2677,27.6368,25.6398,23.688,20.739,16.6332,12.5666,9.45506,5.36417,-1.0,-1.0,-1.0,-1.0,-1.0
2.842,0.22359792,0.9999999999999998,0.0,4,121.118,0.371444,2.12585,110.924,110.737,112.689,112.689,-0.303521,38.4079,0.137037,9485.55,0.0,12.9514,40.4506,108.117,163.502,62.2104,44.805,38.9965,35.0286,32.658,30.5901,28.7706,27.1573,25.1836,23.2562,20.3472,16.3035,12.3058,9.25181,5.24277,-1.0,-1.0,-1.0,-1.0,-1.0
2.864,0.10359792000000001,0.9999999999999998,0.0,4,121.871,0.384159,2.13992,111.872,110.784,113.473,113.473,-0.319732,39.1441,0.130956,9552.17,0.0,13.0083,39.7285,100.997,166.702,66.7965,46.8008,40.3669,36.0377,33.4762,31.257,29.3157,27.6035,25.5201,23.4975,20.467,16.2981,12.2255,9.1465,5.14453,-1.0,-1.0,-1.0,-1.0,-1.0
2.886,0.0,0.9999999999999998,0.0,4,122.617,-0.1618,2.15131,113.187,111.342,114.366,114.366,-0.335381,39.8855,0.121899,9627.08,0.0,13.0095,38.4873,91.6435,171.126,76.5952,51.0031,43.2988,38.2493,35.3111,32.7944,30.6148,28.7089,26.4105,24.2006,20.9285,16.5016,12.2582,9.10178,5.06156,-1.0,-1.0,-1.0,-1.0,-1.0
2.908,0.0,0.9999999999999998,0.0,4,123.396,-0.841255,2.16365,113.693,112.31,115.082,115.082,-0.350766,40.6317,0.115247,9686.41,0.0,13.0487,37.7518,86.1704,173.648,85.7671,54.441,45.5751,39.8964,36.6388,33.8754,31.5018,29.4412,26.9744,24.6213,21.17,16.5624,12.2108,9.01431,4.97035,-1.0,-1.0,-1.0,-1.0,-1.0
2.93,0.0,0.9999999999999998,0.0,4,124.185,-1.01826,2.17633,114.07,113.383,115.657,115.657,-0.366046,41.3829,0.112106,9734.71,0.0,13.1443,37.6412,84.3416,174.195,89.9638,55.594,46.1939,40.246,36.8593,34.0008,31.5559,29.4412,26.919,24.5226,21.0246,16.3853,12.0358,8.86027,4.86551,-1.0,-1.0,-1.0,-1.0,-1.0
2.952,0.0,0.9999999999999998,0.0,4,124.971,-0.958732,2.1855,114.615,114.283,116.279,116.279,-0.381156,42.139,0.110605,9787.34,0.0,13.2647,37.8031,83.9832,173.899,91.0502,55.4838,45.9276,39.9181,36.5092,33.6391,31.1895,29.0745,26.5568,24.1693,20.6924,16.0961,11.8022,8.67651,4.75524,-1.0,-1.0,-1.0,-1.0,-1.0
2.974,0.0,0.9999999999999998,0.0,4,125.756,-0.820844,2.19407,115.25,115.088,116.911,116.911,-0.396101,42.9001,0.109879,9840.52,0.0,13.3961,38.0892,84.2751,173.216,90.4599,54.7361,45.2231,39.2591,35.8823,33.0426,30.6216,28.5332,26.0493,23.6962,20.2733,15.7556,11.5424,8.47997,4.6431,-1.0,-1.0,-1.0,-1.0,-1.0
2.996,0.0,0.9999999999999998,0.0,4,126.539,-0.670268,2.20416,115.928,115.849,117.545,117.545,-0.410919,43.666,0.109528,9893.86,0.0,13.5323,38.4336,84.8714,172.345,89.0197,53.677,44.3069,38.4414,35.1233,32.3347,29.9585,27.9096,25.4738,23.1673,19.8142,15.3918,11.2712,8.27804,4.53044,-1.0,-1.0,-1.0,-1.0,-1.0
3.018,0.12,0.9999999999999998,0.0,4,127.321,-0.532914,2.21631,116.627,116.588,118.186,118.186,-0.425646,44.4369,0.10936,9947.82,0.0,13.6707,38.8059,85.6139,171.379,87.1623,52.4686,43.2901,37.5486,34.3021,31.5746,29.2509,27.2477,24.8668,22.6127,19.3367,15.0177,10.995,8.07396,4.41778,-1.0,-1.0,-1.0,-1.0,-1.0
3.04,0.24,0.9999999999999998,0.0,4,128.088,-0.215316,2.23024,117.396,116.964,118.864,118.864,-0.440109,45.2127,0.107139,10005.2,0.0,13.7713,38.8181,84.6106,171.4,90.0224,52.9342,43.4077,37.5073,34.1907,31.4152,29.0585,27.0327,24.6317,22.3656,19.084,14.7789,10.7908,7.9079,4.31424,8.66324,8.67552,8.69048,8.70815,8.72856
3.062,0.2694013636363636,0.9999999999999998,0.0,4,128.818,-0.186831,2.24569,118.237,116.993,119.674,119.674,-0.453915,45.9936,0.100167,10074.0,0.0,13.7844,38.0299,79.9914,173.569,107.961,57.9877,46.5163,39.6579,35.8822,32.7653,30.1487,27.921,25.3065,22.8639,19.369,14.8586,10.7538,7.82941,4.23173,-1.0,-1.0,-1.0,-1.0,-1.0
3.084,0.2673597727272728,0.9999999999999998,0.0,4,129.509,-0.558976,2.26002,119.24,117.104,120.669,120.669,-0.466802,46.7793,0.0888164,10158.3,0.0,13.717,36.6063,73.1384,177.363,146.078,70.8289,54.1215,44.8678,39.9878,36.0676,32.8498,30.1612,27.0636,24.2248,20.2525,15.2759,10.887,7.83822,4.17082,-1.0,-1.0,-1.0,-1.0,-1.0
3.106,0.1473597727272728,0.9999999999999998,0.0,4,130.179,-1.21211,2.27135,120.219,117.387,121.758,121.758,-0.478618,47.5699,0.0745466,10250.2,0.0,13.5969,34.8945,65.9684,182.473,157.287,101.212,69.7332,54.8225,47.5623,42.0031,37.6101,34.0513,30.0715,26.5323,21.7456,16.0053,11.1651,7.91805,4.12809,-1.0,-1.0,-1.0,-1.0,-1.0
3.128,0.027359772727272802,0.9999999999999998,0.0,4,130.856,-2.09855,2.28376,121.298,118.15,122.804,122.804,-0.489324,48.3652,0.0594625,10337.6,0.0,13.4611,33.2435,59.8061,188.393,164.959,147.266,102.864,72.9592,60.4182,51.5596,44.9695,39.8758,34.4217,29.7732,23.7679,16.9624,11.5332,8.03829,4.09699,-1.0,-1.0,-1.0,-1.0,-1.0
3.15,0.0,0.9999999999999998,0.0,4,131.58,-2.98419,2.29737,121.793,119.243,123.563,123.563,-0.499139,49.1652,0.0473462,10399.9,0.0,13.3683,32.0725,55.7354,120.321,169.723,155.874,144.052,100.546,77.834,63.4959,53.6221,46.4089,39.0583,33.0769,25.709,17.8128,11.8326,8.1231,4.06224,-1.0,-1.0,-1.0,-1.0,-1.0
3.172,0.0,0.9999999999999998,0.0,4,132.344,-3.27584,2.30887,121.996,120.435,123.991,123.991,-0.508269,49.9702,0.0401561,10435.2,0.0,13.3446,31.4936,53.7145,110.462,171.828,159.24,149.937,129.968,93.8888,73.4926,60.3805,51.242,42.2873,35.2532,26.8833,18.2554,11.9443,8.12189,4.01455,-1.0,-1.0,-1.0,-1.0,-1.0
3.194,0.0,0.9999999999999998,0.0,4,133.124,-3.08467,2.31863,122.363,121.472,124.305,124.305,-0.51668,50.7803,0.0361609,10461.4,0.0,13.3612,31.2533,52.7808,105.931,172.479,160.445,151.933,140.354,105.718,80.2122,64.6257,54.1145,44.0824,36.3811,27.4157,18.3919,11.927,8.06566,3.96051,-1.0,-1.0,-1.0,-1.0,-1.0
3.216,0.0,0.9999999999999998,0.0,4,133.909,-2.68515,2.32936,122.88,122.387,124.622,124.622,-0.524377,51.5953,0.0339915,10488.3,0.0,13.3978,31.1897,52.3993,103.855,172.371,160.599,152.429,142.062,112.965,83.9706,66.8242,55.4963,44.8566,36.8002,27.5408,18.3484,11.8396,7.98218,3.90533,-1.0,-1.0,-1.0,-1.0,-1.0
3.238,0.0,0.9999999999999998,0.0,4,134.69,-2.22213,2.34141,123.481,123.226,125.011,125.011,-0.531428,52.4153,0.0328991,10521.4,0.0,13.4441,31.2227,52.3193,103.062,171.828,160.18,152.164,142.237,116.319,85.4716,67.5602,55.8588,44.9621,36.7711,27.4201,18.2027,11.7156,7.88636,3.85136,-1.0,-1.0,-1.0,-1.0,-1.0
3.26,0.0,0.9999999999999998,0.0,4,135.465,-1.77588,2.35473,124.131,124.013,125.491,125.491,-0.537931,53.2401,0.0324137,10562.1,0.0,13.4942,31.306,52.3989,102.942,171.037,159.449,151.499,141.731,117.055,85.5473,67.4082,55.6193,44.6844,36.4918,27.1675,18.006,11.5757,7.78682,3.79965,-1.0,-1.0,-1.0,-1.0,-1.0
3.282,0.0,0.9999999999999998,0.0,4,136.234,-1.38618,2.36885,124.808,124.761,126.05,126.05,-0.543989,54.0698,0.0322405,10609.3,0.0,13.5448,31.4116,52.5544,103.149,170.12,158.562,150.635,140.904,116.371,84.8793,66.8056,55.0813,44.2218,36.0955,26.8567,17.7897,11.432,7.68823,3.75044,-1.0,-1.0,-1.0,-1.0,-1.0
3.304,0.0,0.9999999999999998,0.0,4,136.998,-1.06591,2.38216,125.497,125.484,126.659,126.659,-0.549699,54.9042,0.0322106,10660.8,0.0,13.5945,31.5248,52.74,103.496,169.143,157.603,149.681,139.937,115.059,83.8939,66.017,54.4242,43.689,35.6575,26.5281,17.5703,11.2902,7.59254,3.70358,-1.0,-1.0,-1.0,-1.0,-1.0
3.326,0.0,0.9999999999999998,0.0,4,137.759,-0.811916,2.39311,126.191,126.193,127.299,127.299,-0.555146,55.7433,0.0322417,10714.7,0.0,13.6427,31.6388,52.9345,103.895,168.141,156.613,148.689,138.911,113.518,82.7994,65.1691,53.7323,43.1389,35.2117,26.1993,17.3543,11.1522,7.50009,3.65867,-1.0,-1.0,-1.0,-1.0,-1.0
3.348,0.0,0.9999999999999998,0.0,4,138.518,-0.614573,2.40424,126.887,126.895,127.951,127.951,-0.560397,56.5871,0.0322916,10769.6,0.0,13.6895,31.7507,53.1281,104.304,167.13,155.611,147.684,137.867,111.94,81.6954,64.3215,53.0448,42.5954,34.7732,25.8774,17.1439,11.0184,7.41058,3.61531,-1.0,-1.0,-1.0,-1.0,-1.0
3.37,0.0,0.9999999999999998,0.0,4,139.274,-0.463337,2.41572,127.583,127.592,128.606,128.606,-0.565507,57.4356,0.0323426,10824.7,0.0,13.7351,31.86,53.3172,104.705,166.114,154.606,146.677,136.822,110.4,80.6185,63.495,52.3746,42.0657,34.3461,25.5639,16.9391,10.888,7.32347,3.57312,-1.0,-1.0,-1.0,-1.0,-1.0
3.392,0.0,0.9999999999999998,0.0,4,140.028,-0.34857,2.42467,128.277,128.286,129.283,129.283,-0.570515,58.2887,0.0323877,10881.7,0.0,13.7797,31.9666,53.5013,105.092,165.098,153.6,145.671,135.782,108.92,79.5784,62.6944,51.7241,41.5507,33.9301,25.2581,16.739,10.7606,7.2382,3.53179,-1.0,-1.0,-1.0,-1.0,-1.0
3.414,0.0,0.9999999999999998,0.0,4,140.781,-0.261884,2.43366,128.97,128.977,129.94,129.94,-0.575454,59.1464,0.0324251,10936.9,0.0,13.8236,32.071,53.6808,105.467,164.081,152.594,144.667,134.747,107.497,78.5727,61.9171,51.0909,41.0482,33.5234,24.9585,16.5426,10.6352,7.15426,3.49105,-1.0,-1.0,-1.0,-1.0,-1.0
3.436,0.0,0.9999999999999998,0.0,4,141.534,-0.196419,2.44412,129.662,129.668,130.581,130.581,-0.580345,60.0087,0.032456,10990.8,0.0,13.867,32.1738,53.8567,105.83,163.062,151.587,143.663,133.715,106.121,77.5934,61.158,50.4711,40.5551,33.1238,24.6636,16.3488,10.5114,7.07127,3.45073,-1.0,-1.0,-1.0,-1.0,-1.0
3.458,0.0,0.9999999999999998,0.0,4,142.286,-0.147009,2.45618,130.352,130.357,131.218,131.218,-0.585209,60.8757,0.0324817,11044.4,0.0,13.91,32.2755,54.0303,106.187,162.04,150.578,142.657,132.685,104.777,76.6335,60.4113,49.8604,40.0684,32.7288,24.3716,16.1566,10.3884,6.98883,3.41065,-1.0,-1.0,-1.0,-1.0,-1.0
3.48,0.0,0.9999999999999998,0.0,4,143.036,-0.109817,2.46978,131.042,131.046,131.855,131.855,-0.59006,61.7472,0.0325029,11098.0,0.0,13.9529,32.3765,54.202,106.537,161.014,149.566,141.65,131.654,103.459,75.6878,59.6741,49.2564,39.5864,32.337,24.0816,15.9655,10.2661,6.90671,3.3707,-1.0,-1.0,-1.0,-1.0,-1.0
3.502,0.0,0.9999999999999998,0.0,4,143.784,-0.0819338,2.48415,131.73,131.733,132.497,132.497,-0.594903,62.6233,0.03252,11152.1,0.0,13.9957,32.4769,54.3723,106.881,159.984,148.55,140.64,130.622,102.163,74.7544,58.9448,48.6579,39.108,31.9479,23.7932,15.7751,10.1441,6.82481,3.33082,-1.0,-1.0,-1.0,-1.0,-1.0
3.524,0.0,0.9999999999999998,0.0,4,144.53,-0.0610891,2.49647,132.414,132.417,133.145,133.145,-0.599748,63.504,0.0325339,11206.6,0.0,14.0384,32.577,54.5417,107.223,158.95,147.531,139.627,129.588,100.883,73.8287,58.2201,48.0625,38.6316,31.56,23.5054,15.5851,10.0222,6.74294,3.29094,-1.0,-1.0,-1.0,-1.0,-1.0
3.546,0.0,0.9999999999999998,0.0,4,145.274,-0.0455461,2.50888,133.099,133.101,133.796,133.796,-0.604607,64.3893,0.0325449,11261.5,0.0,14.0812,32.6771,54.7108,107.562,157.911,146.507,138.61,128.55,99.6118,72.9077,57.498,47.4686,38.1559,31.1724,23.2176,15.3948,9.9001,6.66089,3.25096,-1.0,-1.0,-1.0,-1.0,-1.0
3.568,0.0,0.9999999999999998,0.0,4,146.016,-0.0340044,2.5213,133.781,133.783,134.449,134.449,-0.609475,65.2791,0.0325536,11316.4,0.0,14.124,32.7772,54.8794,107.898,156.867,145.479,137.589,127.508,98.3494,71.9909,56.778,46.876,37.6809,30.7851,22.9297,15.2044,9.77786,6.57873,3.2109,-1.0,-1.0,-1.0,-1.0,-1.0
3.59,0.0,0.9999999999999998,0.0,4,146.756,-0.0254749,2.53178,134.462,134.464,135.115,135.115,-0.61436,66.1734,0.0325601,11372.5,0.0,14.167,32.8773,55.0479,108.234,155.817,144.447,136.563,126.462,97.0931,71.0763,56.0592,46.2838,37.2057,30.3975,22.6416,15.0136,9.65532,6.49634,3.17073,-1.0,-1.0,-1.0,-1.0,-1.0
3.612,0.0,0.9999999999999998,0.0,4,147.495,-0.0191876,2.54126,135.141,135.142,135.77,135.77,-0.619262,67.0722,0.032565,11427.5,0.0,14.2101,32.9777,55.2166,108.568,154.763,143.409,135.533,125.411,95.8391,70.1622,55.3398,45.6908,36.7299,30.0091,22.3526,14.8223,9.53238,6.41367,3.1304,-1.0,-1.0,-1.0,-1.0,-1.0
3.634,0.0,0.9999999999999998,0.0,4,148.233,-0.0145305,2.55137,135.819,135.82,136.41,136.41,-0.624183,67.9755,0.0325688,11481.4,0.0,14.2533,33.0784,55.3856,108.903,153.703,142.366,134.497,124.354,94.5853,69.2473,54.6196,45.0969,36.2529,29.6197,22.0629,14.6303,9.40903,6.33071,3.08993,-1.0,-1.0,-1.0,-1.0,-1.0
3.656,0.0,0.9999999999999998,0.0,4,148.97,-0.0110825,2.56253,136.497,136.497,137.044,137.044,-0.629125,68.8834,0.0325719,11534.6,0.0,14.2968,33.1793,55.5551,109.238,152.637,141.317,133.456,123.29,93.3293,68.3301,53.8974,44.5012,35.7744,29.2291,21.7721,14.4377,9.28518,6.24741,3.04929,-1.0,-1.0,-1.0,-1.0,-1.0
3.678,0.0,0.9999999999999998,0.0,4,149.706,-0.00851846,2.57486,137.173,137.173,137.675,137.675,-0.634089,69.7957,0.0325743,11587.7,0.0,14.3404,33.2807,55.7251,109.574,151.565,140.263,132.41,122.219,92.071,67.4107,53.1728,43.9034,35.2942,28.8369,21.4802,14.2442,9.16082,6.16376,3.00847,-1.0,-1.0,-1.0,-1.0,-1.0
3.7,0.0,0.9999999999999998,0.0,4,150.44,-0.00663555,2.58785,137.847,137.847,138.306,138.306,-0.639076,70.7125,0.0325762,11640.9,0.0,14.3842,33.3825,55.8958,109.91,150.487,139.203,131.357,121.141,90.8089,66.488,52.4457,43.3034,34.8121,28.4432,21.1871,14.0499,9.0359,6.07972,2.96746,-1.0,-1.0,-1.0,-1.0,-1.0
3.722,0.0,0.9999999999999998,0.0,4,151.172,-0.00524904,2.60014,138.52,138.52,138.94,138.94,-0.644087,71.6339,0.0325778,11694.3,0.0,14.4282,33.4847,56.0672,110.248,149.403,138.137,130.299,120.055,89.5422,65.5617,51.7155,42.7008,34.3279,28.0477,20.8926,13.8547,8.91038,5.99528,2.92626,-1.0,-1.0,-1.0,-1.0,-1.0
3.744,0.0,0.9999999999999998,0.0,4,151.902,-0.00422454,2.61275,139.191,139.191,139.576,139.576,-0.649119,72.5596,0.032579,11747.8,0.0,14.4723,33.5873,56.2392,110.587,148.313,137.065,129.235,118.962,88.2715,64.6323,50.983,42.0961,33.8419,27.6507,20.597,13.6587,8.78437,5.91051,2.88489,-1.0,-1.0,-1.0,-1.0,-1.0
3.766,0.0,0.9999999999999998,0.0,4,152.631,-0.00347347,2.6254,139.861,139.861,140.213,140.213,-0.654175,73.4898,0.0325801,11801.3,0.0,14.5167,33.6904,56.4119,110.928,147.217,135.987,128.165,117.861,86.9955,63.6988,50.247,41.4886,33.3537,27.2519,20.3,13.4618,8.65774,5.82531,2.84331,-1.0,-1.0,-1.0,-1.0,-1.0
3.788,0.0,0.9999999999999998,0.0,4,153.357,-0.00294763,2.63657,140.529,140.529,140.859,140.859,-0.659256,74.4245,0.0325808,11855.7,0.0,14.5613,33.794,56.5854,111.403,146.115,134.904,127.088,116.751,85.7149,62.7616,49.5079,40.8785,32.8633,26.8513,20.0016,13.264,8.53053,5.73972,2.80154,-1.0,-1.0,-1.0,-1.0,-1.0
3.81,0.0,0.9999999999999998,0.0,4,154.082,-0.00254979,2.64744,141.195,141.195,141.494,141.494,-0.66436,75.3635,0.0325814,11909.2,0.0,14.6061,33.898,56.7597,112.361,145.007,133.814,126.006,115.632,84.429,61.8205,48.7657,40.2657,32.3707,26.4489,19.7019,13.0652,8.40274,5.65375,2.75957,-1.0,-1.0,-1.0,-1.0,-1.0
3.832,0.0,0.9999999999999998,0.0,4,154.806,-0.0022508,2.65871,141.86,141.86,142.123,142.123,-0.669488,76.3071,0.0325821,11962.0,0.0,14.6511,34.0025,56.9348,164.706,143.893,132.718,124.917,114.504,83.1367,60.8747,48.0197,39.6499,31.8758,26.0445,19.4007,12.8655,8.27431,5.56734,2.7174,-1.0,-1.0,-1.0,-1.0,-1.0
3.854,0.0,0.9999999999999998,0.0,4,155.529,-0.00204214,2.67035,142.524,142.524,142.748,142.748,-0.67464,77.255,0.0325826,12014.7,0.0,14.6964,34.1075,57.1106,163.445,142.772,131.616,123.822,113.367,81.8393,59.925,47.2707,39.0315,31.3787,25.6384,19.0982,12.665,8.14533,5.48056,2.67505,-1.0,-1.0,-1.0,-1.0,-1.0
3.876,0.0,0.9999999999999998,0.0,4,156.25,-0.00187927,2.6826,143.187,143.187,143.372,143.372,-0.679815,78.2074,0.032583,12067.1,0.0,14.7418,34.2129,57.2873,162.177,141.645,130.507,122.72,112.22,80.5355,58.9709,46.5182,38.4103,30.8793,25.2304,18.7943,12.4635,8.01575,5.39338,2.63249,-1.0,-1.0,-1.0,-1.0,-1.0
3.898,0.0,0.9999999999999998,0.0,4,156.969,-0.0017639,2.69511,143.848,143.848,143.994,143.994,-0.685014,79.1641,0.0325835,12119.5,0.0,14.7874,34.3189,57.4647,160.904,140.512,129.393,121.612,111.063,79.2263,58.0126,45.7624,37.7863,30.3777,24.8206,18.4891,12.2611,7.88558,5.3058,2.58975,-1.0,-1.0,-1.0,-1.0,-1.0
3.92,0.0,0.9999999999999998,0.0,4,157.686,-0.00167081,2.70761,144.508,144.508,144.617,144.617,-0.690238,80.1253,0.032584,12171.9,0.0,14.8333,34.4253,57.643,159.625,139.372,128.272,120.498,109.894,77.9108,57.0494,45.003,37.1593,29.8737,24.4088,18.1824,12.0577,7.75479,5.2178,2.5468,-1.0,-1.0,-1.0,-1.0,-1.0
3.942,0.0,0.9999999999999998,0.0,4,158.402,-0.00160273,2.72016,145.166,145.166,145.241,145.241,-0.695485,81.0907,0.0325845,12224.4,0.0,14.8793,34.5322,57.8221,158.34,138.226,127.145,119.377,108.715,76.59,56.0825,44.2402,36.5295,29.3675,23.9953,17.8743,11.8534,7.62343,5.12942,2.50366,-1.0,-1.0,-1.0,-1.0,-1.0
3.964,0.0,0.9999999999999998,0.0,4,159.116,-0.00156391,2.7325,145.822,145.822,145.865,145.865,-0.700755,82.0606,0.0325848,12276.9,0.0,14.9256,34.6396,58.002,157.05,137.074,126.012,118.25,107.524,75.2632,55.1111,43.4741,35.897,28.859,23.5798,17.5649,11.6482,7.49146,5.04062,2.46033,-1.0,-1.0,-1.0,-1.0,-1.0
3.986,0.0,0.9999999999999998,0.0,4,159.829,-0.00153636,2.74454,146.477,146.477,146.487,146.487,-0.706049,83.0348,0.0325851,12329.3,0.0,14.972,34.7475,58.1826,155.753,135.916,124.872,117.116,106.32,73.9306,54.1356,42.7047,35.2617,28.3483,23.1626,17.2541,11.4421,7.35892,4.95145,2.4168,-1.0,-1.0,-1.0,-1.0,-1.0
4.008,0.0,0.9999999999999998,0.0,4,160.54,-0.00152086,2.75651,147.131,147.131,147.107,147.107,-0.711366,84.0134,0.0325855,12381.4,0.0,15.0187,34.8558,58.364,154.451,134.751,123.726,115.975,105.103,72.5924,53.1559,41.932,34.6238,27.8355,22.7435,16.942,11.2352,7.22582,4.86189,2.37309,-1.0,-1.0,-1.0,-1.0,-1.0
4.03,0.0,0.9999999999999998,0.0,4,161.249,-0.00150569,2.76847,147.783,147.783,147.724,147.724,-0.716709,84.9964,0.0325858,12433.3,0.0,15.0656,34.9647,58.5464,153.143,133.579,122.574,114.827,103.871,71.2475,52.1715,41.1554,33.9826,27.32,22.3224,16.6283,11.0272,7.09205,4.77188,2.32916,-1.0,-1.0,-1.0,-1.0,-1.0
4.052,0.0,0.9999999999999998,0.0,4,161.957,-0.00148957,2.78053,148.433,148.433,148.339,148.339,-0.722073,85.9836,0.0325861,12485.1,0.0,15.1127,35.074,58.7294,151.829,132.401,121.415,113.673,102.623,69.8976,51.183,40.3757,33.3388,26.8025,21.8996,16.3134,10.8183,6.95774,4.68152,2.28505,10.3325,10.3336,10.3379,10.3454,10.356
4.074,0.0,0.9999999999999998,0.0,4,162.663,-0.00147947,2.79288,149.082,149.083,148.953,148.953,-0.727462,86.9752,0.0325864,12536.7,0.0,15.16,35.1838,58.9133,150.51,131.217,120.25,112.512,101.358,68.5414,50.1901,39.5926,32.6922,26.2827,21.4749,15.997,10.6086,6.82283,4.59075,2.24075,-1.0,-1.0,-1.0,-1.0,-1.0
4.096,0.0,0.9999999999999998,0.0,4,163.367,-0.00146825,2.80587,149.73,149.73,149.565,149.565,-0.732875,87.9711,0.0325868,12588.3,0.0,15.2075,35.2941,59.098,149.185,130.025,119.078,111.344,100.073,67.1789,49.1926,38.8059,32.0427,25.7606,21.0483,15.6792,10.3978,6.6873,4.49956,2.19624,-1.0,-1.0,-1.0,-1.0,-1.0
4.118,0.0,0.9999999999999998,0.0,4,164.07,-0.0014602,2.81871,150.376,150.376,150.182,150.182,-0.738311,88.9713,0.0325871,12640.1,0.0,15.2552,35.4048,59.2835,147.854,128.828,117.899,110.168,98.7668,65.8109,48.1912,38.0159,31.3904,25.2362,20.6199,15.3601,10.1862,6.5512,4.40799,2.15154,-1.0,-1.0,-1.0,-1.0,-1.0
4.14,0.0,0.9999999999999998,0.0,4,164.773,-0.00145495,2.83171,151.021,151.021,150.795,150.795,-0.74377,89.9757,0.0325874,12691.7,0.0,15.3031,35.516,59.4698,146.517,127.624,116.714,108.986,97.4353,64.4375,47.1855,37.2226,30.7354,24.7096,20.1897,15.0397,9.9737,6.41455,4.31604,2.10666,-1.0,-1.0,-1.0,-1.0,-1.0
4.162,0.0,0.9999999999999998,0.0,4,165.474,-0.00144859,2.84493,151.666,151.666,151.408,151.408,-0.749254,90.9845,0.0325878,12743.3,0.0,15.3512,35.6278,59.6569,145.175,126.413,115.522,107.797,96.0736,63.0574,46.1751,36.4257,30.0774,24.1807,19.7575,14.7177,9.76022,6.27725,4.22366,2.06158,-1.0,-1.0,-1.0,-1.0,-1.0
4.184,0.0,0.9999999999999998,0.0,4,166.174,-0.00145267,2.85786,152.309,152.309,152.024,152.024,-0.754759,91.9975,0.0325881,12795.1,0.0,15.3996,35.7399,59.8448,143.827,125.195,114.324,106.6,94.6759,61.672,45.1608,35.6256,29.4168,23.6496,19.3236,14.3945,9.5459,6.13942,4.13092,2.01631,-1.0,-1.0,-1.0,-1.0,-1.0
4.206,0.12,0.9999999999999998,0.0,4,166.873,-0.00145667,2.87037,152.951,152.951,152.639,152.639,-0.76029,93.0149,0.0325884,12847.0,0.0,15.4481,35.8526,60.0336,142.473,123.971,113.118,105.395,93.2317,60.2802,44.1418,34.8219,28.7532,23.1162,18.8877,14.0699,9.33059,6.00095,4.03775,1.97084,-1.0,-1.0,-1.0,-1.0,-1.0
4.228,0.1625,0.9999999999999998,0.0,4,167.558,0.177961,2.88253,153.707,153.203,153.27,153.27,-0.765574,94.0365,0.0298719,12900.2,0.0,15.4497,35.6462,59.3124,142.187,123.727,113.194,105.903,96.2166,66.5234,47.0931,36.4496,29.7321,23.6366,19.1527,14.1334,9.28665,5.93398,3.9771,1.93232,-1.0,-1.0,-1.0,-1.0,-1.0
4.25,0.1625,0.9999999999999998,0.0,4,168.214,-0.20037,2.89471,154.731,153.241,154.009,154.009,-0.770105,95.0622,0.0218921,12962.9,0.0,15.3597,34.8454,56.9624,144.042,125.279,115.5,109.112,101.99,94.0465,63.0128,45.0569,35.0671,26.7632,21.066,15.0625,9.60785,6.01626,3.98446,1.90939,-1.0,-1.0,-1.0,-1.0,-1.0
4.272,0.1625,0.9999999999999998,0.0,4,168.852,-0.990039,2.90711,155.707,153.454,154.844,154.844,-0.773634,96.0921,0.0105693,13033.4,0.0,15.2114,33.7239,53.8657,147.453,127.765,118.782,113.195,107.491,102.56,95.8834,70.3921,48.4742,33.7616,25.0701,16.9149,10.2619,6.22346,4.04776,1.9008,-1.0,-1.0,-1.0,-1.0,-1.0
4.294,0.1625,0.9999999999999998,0.0,4,169.477,-1.89277,2.9199,156.461,153.805,155.694,155.694,-0.775966,97.126,-0.00233258,13104.9,0.0,15.0345,32.5097,50.6954,85.8064,130.817,122.193,117.198,112.325,108.412,103.924,98.3486,88.2381,49.1759,32.556,19.935,11.2435,6.53702,4.15697,1.90544,-1.0,-1.0,-1.0,-1.0,-1.0
4.316,0.1625,0.9999999999999998,0.0,4,170.091,-2.76503,2.93467,157.07,154.235,156.509,156.509,-0.776921,98.1639,-0.0158568,13173.3,0.0,14.8442,31.3096,47.725,77.4865,134.349,125.417,120.858,116.523,113.16,109.491,105.381,100.542,90.0249,48.1937,24.8186,12.6133,6.95759,4.31022,1.92363,-1.0,-1.0,-1.0,-1.0,-1.0
4.338,0.1625,0.9999999999999998,0.0,4,170.693,-3.54382,2.94992,157.596,154.711,157.296,157.296,-0.776352,99.2055,-0.0294661,13239.4,0.0,14.6477,30.1687,45.0394,70.5561,138.233,128.665,124.118,120.162,117.15,113.941,110.478,106.666,100.364,88.7495,33.2676,14.4953,7.49644,4.50948,1.9562,-1.0,-1.0,-1.0,-1.0,-1.0
4.36,0.1625,0.9999999999999998,0.0,4,171.287,-4.20886,2.96358,158.079,155.212,158.046,158.046,-0.774141,100.251,-0.0428793,13302.4,0.0,14.448,29.1002,42.6391,64.7875,142.396,132.13,127.272,123.324,120.559,117.653,114.576,111.282,106.166,99.0777,50.3201,17.1082,8.17385,4.75929,2.00423,-1.0,-1.0,-1.0,-1.0,-1.0
4.382,0.1625,0.9999999999999998,0.0,4,171.876,-4.75724,2.97523,158.541,155.73,158.753,158.753,-0.7702,101.3,-0.0559531,13361.7,0.0,14.2462,28.1032,40.4944,59.9439,84.7738,135.777,130.581,126.371,123.537,120.812,117.999,115.033,110.554,104.761,88.1,20.8368,9.01859,5.06575,2.06886,-1.0,-1.0,-1.0,-1.0,-1.0
4.404,0.1625,0.9999999999999998,0.0,4,172.462,-5.19402,2.98512,158.996,156.259,159.415,159.415,-0.764466,102.352,-0.0686217,13417.3,0.0,14.0422,27.1711,38.5687,55.826,76.7197,139.587,134.03,129.538,126.52,123.649,120.915,118.181,114.118,109.028,97.078,26.4023,10.0689,5.43604,2.15114,-1.0,-1.0,-1.0,-1.0,-1.0
4.426,0.1625,0.9999999999999998,0.0,4,173.045,-5.52711,2.99615,159.453,156.798,160.035,160.035,-0.756884,103.407,-0.080879,13469.2,0.0,13.8351,26.2945,36.8246,52.2728,70.218,86.0184,137.618,132.824,129.611,126.559,123.657,120.894,117.114,112.487,102.33,35.3346,11.3777,5.87912,2.25223,-1.0,-1.0,-1.0,-1.0,-1.0
4.448,0.1625,0.9999999999999998,0.0,4,173.629,-5.77338,3.00656,159.918,157.34,160.616,160.616,-0.747416,104.466,-0.0927564,13518.0,0.0,13.624,25.4635,35.2281,49.1587,64.7773,77.1105,141.361,136.244,132.822,129.577,126.496,123.568,119.704,115.401,106.31,51.5261,13.0178,6.40559,2.37327,-1.0,-1.0,-1.0,-1.0,-1.0
4.47,0.04250000000000001,0.9999999999999998,0.0,4,174.212,-5.94376,3.01565,160.389,157.886,161.166,161.166,-0.736024,105.527,-0.104268,13564.2,0.0,13.408,24.6706,33.7543,46.3948,60.1383,70.6838,78.0011,139.805,136.159,132.708,129.437,126.333,122.245,117.906,109.552,82.805,15.0875,7.02714,2.51537,-1.0,-1.0,-1.0,-1.0,-1.0
4.492,0.0,0.9999999999999998,0.0,4,174.82,-6.11057,3.0274,161.152,158.976,161.591,161.591,-0.722814,106.591,-0.114195,13599.1,0.0,13.2004,23.9731,32.5044,44.142,56.4944,65.767,72.0992,78.7683,139.097,135.455,132.008,128.743,124.448,119.899,111.892,90.5604,17.488,7.71002,2.67413,-1.0,-1.0,-1.0,-1.0,-1.0
4.514,0.0,0.9999999999999998,0.0,4,175.489,-5.86443,3.03868,161.512,160.118,161.805,161.805,-0.708033,107.659,-0.120281,13616.4,0.0,13.0244,23.469,31.6519,42.6856,54.2372,62.8026,68.6002,74.6413,80.1347,136.78,133.23,129.869,125.454,120.784,112.83,93.33,19.6742,8.35139,2.83853,-1.0,-1.0,-1.0,-1.0,-1.0
4.536,0.0,0.9999999999999998,0.0,4,176.192,-5.0952,3.04912,161.808,161.118,161.927,161.927,-0.691811,108.73,-0.123043,13626.7,0.0,12.8729,23.1147,31.1004,41.8134,52.9621,61.1846,66.729,72.4883,77.354,136.764,133.181,129.791,125.341,120.635,112.701,94.0626,21.4295,8.9304,3.00684,-1.0,-1.0,-1.0,-1.0,-1.0
4.558,0.0,0.9999999999999998,0.0,4,176.901,-4.11779,3.05855,162.236,162.002,162.114,162.114,-0.674273,109.804,-0.123815,13642.8,0.0,12.7318,22.839,30.7093,41.2527,52.2067,60.2738,65.7078,71.3475,76.0861,135.924,132.354,128.977,124.543,119.857,111.976,93.8237,22.8527,9.47314,3.1811,-1.0,-1.0,-1.0,-1.0,-1.0
4.58,0.0,0.9999999999999998,0.0,4,177.604,-3.14737,3.06869,162.77,162.787,162.422,162.422,-0.655607,110.882,-0.12354,13669.3,0.0,12.5925,22.5971,30.3911,40.8376,51.6973,59.6991,65.091,70.6889,75.4573,134.657,131.124,127.781,123.393,118.754,110.954,93.1341,24.085,10.003,3.36221,-1.0,-1.0,-1.0,-1.0,-1.0
4.602,0.0,0.9999999999999998,0.0,4,178.299,-2.30872,3.08145,163.37,163.493,162.85,162.85,-0.636024,111.963,-0.122866,13705.6,0.0,12.4501,22.3606,30.0903,40.4633,51.2622,59.2295,64.6031,70.186,75.0855,133.241,129.753,126.452,122.118,117.536,109.829,92.2954,25.2569,10.5381,3.55032,-1.0,-1.0,-1.0,-1.0,-1.0
4.624,0.0,0.9999999999999998,0.0,4,178.986,-1.64637,3.09386,164.001,164.145,163.358,163.358,-0.615733,113.049,-0.122144,13748.6,0.0,12.3026,22.1159,29.7794,40.0771,50.8144,58.7471,64.1027,69.6715,74.7728,131.818,128.375,125.117,120.839,116.315,108.702,91.4544,26.4451,11.0878,3.74478,-1.0,-1.0,-1.0,-1.0,-1.0
4.646,0.0,0.9999999999999998,0.0,4,179.671,-1.15091,3.10892,164.643,164.772,163.889,163.889,-0.594906,114.138,-0.121519,13793.3,0.0,12.15,21.8589,29.449,39.66,50.3214,58.2075,63.5363,69.081,74.4233,130.444,127.044,123.827,119.601,115.132,107.609,90.6632,27.6805,11.6545,3.94458,-1.0,-1.0,-1.0,-1.0,-1.0
4.668,0.0,0.9999999999999998,0.0,4,180.351,-0.792304,3.12594,165.284,165.389,164.454,164.454,-0.573678,115.23,-0.121021,13841.0,0.0,11.993,21.59,29.0992,39.2105,49.7794,57.6046,62.8958,68.4046,74.0024,129.128,125.768,122.588,118.411,113.993,106.557,89.9273,28.9677,12.2367,4.14865,-1.0,-1.0,-1.0,-1.0,-1.0
4.69,0.0,0.9999999999999998,0.0,4,181.029,-0.539013,3.14178,165.921,166.001,165.043,165.043,-0.552142,116.327,-0.120647,13890.7,0.0,11.8323,21.3109,28.7323,38.7324,49.1935,56.9446,62.1885,67.6503,73.4994,127.864,124.542,121.396,117.265,112.894,105.542,89.2373,30.303,12.8323,4.35615,-1.0,-1.0,-1.0,-1.0,-1.0
4.712,0.0,0.9999999999999998,0.0,4,181.705,-0.363111,3.15577,166.554,166.613,165.64,165.64,-0.530372,117.428,-0.120375,13940.9,0.0,11.6688,21.0238,28.3519,38.2312,48.5721,56.2384,61.4267,66.8324,72.919,126.642,123.354,120.241,116.152,111.827,104.554,88.5799,31.6791,13.439,4.56631,-1.0,-1.0,-1.0,-1.0,-1.0
4.734,0.0,0.9999999999999998,0.0,4,182.38,-0.24242,3.16811,167.183,167.225,166.238,166.238,-0.508412,118.533,-0.120181,13991.2,0.0,11.5031,20.7304,27.9608,37.712,47.9232,55.4961,60.6227,65.9653,72.2723,125.449,122.194,119.113,115.065,110.783,103.587,87.943,33.0889,14.0548,4.77866,-1.0,-1.0,-1.0,-1.0,-1.0
4.756,0.0,0.9999999999999998,0.0,4,183.053,-0.160326,3.18448,167.811,167.839,166.832,166.832,-0.486303,119.642,-0.120048,14041.2,0.0,11.3357,20.4322,27.5617,37.1794,47.2536,54.727,59.7871,65.0616,71.5747,124.278,121.055,118.003,113.995,109.754,102.634,87.3165,34.5254,14.6778,4.99272,-1.0,-1.0,-1.0,-1.0,-1.0
4.778,0.0,0.9999999999999998,0.0,4,183.726,-0.105057,3.19995,168.433,168.453,167.42,167.42,-0.464073,120.755,-0.119957,14090.6,0.0,11.167,20.1303,27.1567,36.6368,46.5689,53.9381,58.9284,64.1341,70.8431,123.12,119.928,116.906,112.936,108.736,101.688,86.6927,35.983,15.3064,5.20818,-1.0,-1.0,-1.0,-1.0,-1.0
4.8,0.0,0.9999999999999998,0.0,4,184.399,-0.0680064,3.21596,169.053,169.066,167.99,167.99,-0.441723,121.871,-0.119896,14138.4,0.0,10.997,19.8255,26.7469,36.0864,45.8725,53.1343,58.0522,63.1892,70.0925,121.971,118.809,115.816,111.883,107.723,100.746,86.0671,37.4583,15.9403,5.42496,-1.0,-1.0,-1.0,-1.0,-1.0
4.822,0.0,0.9999999999999998,0.0,4,185.071,-0.0433558,3.23568,169.673,169.682,168.555,168.555,-0.419274,122.993,-0.119856,14186.1,0.0,10.8261,19.5184,26.3335,35.5303,45.1677,52.3197,57.1635,62.2324,69.3421,120.826,117.694,114.729,110.834,106.714,99.806,85.4358,38.9471,16.5781,5.64281,-1.0,-1.0,-1.0,-1.0,-1.0
4.844,0.0,0.9999999999999998,0.0,4,185.74,-0.0268891,3.25375,170.29,170.296,169.143,169.143,-0.396724,124.118,-0.119829,14235.7,0.0,10.6544,19.2094,25.9172,34.9695,44.4563,51.4968,56.2653,61.267,68.6151,119.682,116.58,113.644,109.786,105.705,98.8649,84.7965,40.4474,17.2197,5.86172,-1.0,-1.0,-1.0,-1.0,-1.0
4.866,0.0,0.9999999999999998,0.0,4,186.407,-0.0159535,3.26936,170.905,170.908,169.739,169.739,-0.37409,125.247,-0.119812,14285.8,0.0,10.4818,18.8988,25.4985,34.4053,43.7398,50.6676,55.3599,60.2961,67.9495,118.538,115.466,112.558,108.737,104.695,97.9216,84.1479,41.9567,17.8644,6.08152,-1.0,-1.0,-1.0,-1.0,-1.0
4.888,0.0,0.9999999999999998,0.0,4,187.074,-0.00874473,3.28216,171.518,171.52,170.337,170.337,-0.351365,126.38,-0.119801,14336.2,0.0,10.3086,18.5866,25.0776,33.8378,43.0189,49.833,54.4484,59.3205,67.4422,117.393,114.35,111.47,107.687,103.684,96.976,83.4895,43.4747,18.512,6.30223,-1.0,-1.0,-1.0,-1.0,-1.0
4.91,0.0,0.9999999999999998,0.0,4,187.739,-0.00398776,3.29884,172.132,172.133,170.93,170.93,-0.328556,127.517,-0.119794,14386.0,0.0,10.1346,18.2732,24.6548,33.2676,42.2944,48.9939,53.5318,58.3421,119.431,116.245,113.232,110.38,106.634,102.67,96.028,82.8207,45.0,19.1624,6.52379,-1.0,-1.0,-1.0,-1.0,-1.0
4.932,0.0,0.9999999999999998,0.0,4,188.403,-0.000785478,3.31466,172.743,172.743,171.516,171.516,-0.305664,128.659,-0.119789,14435.3,0.0,9.96005,17.9585,24.2303,32.695,41.5666,48.1511,52.611,57.3618,118.248,115.093,112.111,109.287,105.578,101.653,95.0772,82.1414,46.5319,19.8152,6.74617,-1.0,-1.0,-1.0,-1.0,-1.0
4.954,0.0,0.9999999999999998,0.0,4,189.068,0.00132293,3.33056,173.352,173.353,172.081,172.081,-0.282686,129.804,-0.119787,14482.5,0.0,9.78478,17.6425,23.8041,32.1199,40.8355,47.3043,51.6859,56.3797,117.062,113.939,110.986,108.191,104.519,100.634,94.1239,81.4521,48.0706,20.4708,6.9694,-1.0,-1.0,-1.0,-1.0,-1.0
4.976,0.0,0.9999999999999998,0.0,4,189.732,0.00248998,3.3517,173.963,173.963,172.631,172.631,-0.25963,130.953,-0.119787,14529.1,0.0,9.6089,17.3254,23.3762,31.5425,40.1015,46.454,50.7568,55.3964,115.873,112.781,109.859,107.092,103.457,99.6114,93.1675,80.7524,49.6157,21.1288,7.19342,-1.0,-1.0,-1.0,-1.0,-1.0
4.998,0.0,0.9999999999999998,0.0,4,190.393,0.00334052,3.37091,174.57,174.57,173.212,173.212,-0.236488,132.107,-0.119787,14578.0,0.0,9.43237,17.0071,22.9467,30.963,39.3648,45.6005,49.8243,54.4127,114.679,111.62,108.727,105.989,102.392,98.5855,92.208,80.0428,51.1666,21.7892,7.41826,-1.0,-1.0,-1.0,-1.0,-1.0
5.02,0.0,0.9999999999999998,0.0,4,191.052,0.00392366,3.38726,175.177,175.176,173.801,173.801,-0.213267,133.264,-0.119788,14627.6,0.0,9.25522,16.6877,22.5157,30.3815,38.6254,44.744,48.8884,53.4291,113.482,110.454,107.592,104.882,101.322,97.5561,91.2452,79.3232,52.5636,22.4519,7.64388,-1.0,-1.0,-1.0,-1.0,-1.0
5.042,0.0,0.9999999999999998,0.0,4,191.71,0.00431191,3.40056,175.781,175.781,174.392,174.392,-0.189967,134.425,-0.119788,14677.4,0.0,9.07747,16.3672,22.0833,29.7979,37.8834,43.8845,47.9493,52.4461,112.281,109.285,106.453,103.772,100.25,96.5233,90.279,78.5938,53.465,23.117,7.87028,-1.0,-1.0,-1.0,-1.0,-1.0
5.064,0.12,0.9999999999999998,0.0,4,192.366,0.00457568,3.41897,176.388,176.388,174.979,174.979,-0.166582,135.591,-0.119789,14726.7,0.0,8.89909,16.0455,21.6493,29.2122,37.1388,43.0219,47.0067,51.4634,111.075,108.112,105.31,102.658,99.1734,95.4869,89.3098,77.8551,54.0617,23.7844,8.09748,7.08409,7.06594,7.05002,7.03631,7.02479
5.086,0.1625,0.9999999999999998,0.0,4,193.007,0.153595,3.43535,177.128,176.556,175.574,175.574,-0.142812,136.76,-0.122891,14777.0,0.0,8.69662,15.6187,21.0174,28.2619,35.8035,41.3672,45.1196,49.1039,54.3318,107.963,105.136,102.461,98.9497,95.2368,89.021,77.8055,55.4642,24.821,8.36152,-1.0,-1.0,-1.0,-1.0,-1.0
5.108,0.1625,0.9999999999999998,0.0,4,193.617,-0.433703,3.4523,178.145,176.483,176.249,176.249,-0.118064,137.932,-0.131849,14834.0,0.0,8.44958,15.006,20.0429,26.6948,33.492,38.4252,41.7141,45.0989,47.97,53.0377,106.869,104.069,100.399,96.526,90.0605,78.9816,58.2151,26.6664,8.7032,-1.0,-1.0,-1.0,-1.0,-1.0
5.13,0.1625,0.9999999999999998,0.0,4,194.205,-1.48347,3.47324,179.075,176.618,177.018,177.018,-0.0920233,139.107,-0.144234,14899.2,0.0,8.17587,14.3031,18.9179,24.8878,30.8457,35.0824,37.8672,40.7006,43.0029,45.5872,49.1816,106.925,102.999,98.8675,91.9974,80.7527,61.3356,29.2449,9.10817,-1.0,-1.0,-1.0,-1.0,-1.0
5.152,0.04250000000000001,0.9999999999999998,0.0,4,194.772,-2.60383,3.48893,179.748,176.916,177.833,177.833,-0.0644501,140.284,-0.157973,14967.7,0.0,7.88928,13.5812,17.7803,23.0987,28.2821,31.8947,34.2369,36.5941,38.4906,40.5977,42.9523,45.707,106.29,101.831,94.4521,82.6474,64.3123,32.4903,9.56168,-1.0,-1.0,-1.0,-1.0,-1.0
5.174,0.0203718,0.9999999999999998,0.0,4,195.361,-3.71327,3.49997,180.337,177.827,178.49,178.49,-0.0353368,141.463,-0.169765,15021.7,0.0,7.60897,12.9246,16.781,21.5838,26.1787,29.3321,31.3554,33.3752,34.9883,36.7682,38.742,40.943,44.607,104.456,96.6001,84.1243,66.5129,35.9186,10.0229,-1.0,-1.0,-1.0,-1.0,-1.0
5.196,0.021206279999999997,0.9999999999999998,0.0,4,195.993,-3.97664,3.50872,180.467,178.898,178.893,178.893,-0.00491405,142.646,-0.176719,15055.3,0.0,7.34941,12.388,16.0089,20.4763,24.7067,27.5857,29.4226,31.2483,32.7006,34.2973,36.0608,38.0186,41.1516,46.4885,97.5296,84.6824,67.4944,38.7004,10.4419,-1.0,-1.0,-1.0,-1.0,-1.0
5.218,0.021672,0.9999999999999998,0.0,4,196.639,-3.61244,3.52371,180.719,179.817,179.255,179.255,0.0268064,143.831,-0.1806,15085.7,0.0,7.09828,11.9141,15.3571,19.5835,23.5636,26.2601,27.9755,29.6765,31.0268,32.5085,34.1415,35.9502,38.8354,43.0461,97.6236,84.6198,67.7664,40.9485,10.8352,-1.0,-1.0,-1.0,-1.0,-1.0
5.24,0.02196132,0.9999999999999998,0.0,4,197.289,-3.04559,3.53588,181.142,180.585,179.65,179.65,0.0597623,145.018,-0.183011,15119.2,0.0,6.84651,11.4615,14.7506,18.7754,22.5531,25.1055,26.7262,28.3311,29.6036,30.9983,32.5335,34.2314,36.9347,40.6846,97.3102,84.2573,67.7095,42.5863,11.2221,-1.0,-1.0,-1.0,-1.0,-1.0
5.262,0.02217492,0.9999999999999998,0.0,4,197.94,-2.48006,3.5536,181.667,181.266,180.047,180.047,0.0938276,146.209,-0.184791,15152.5,0.0,6.5904,11.0116,14.1553,17.9935,21.5873,24.0106,25.5474,27.0676,28.2719,29.5907,31.041,32.6434,35.1913,38.6561,96.8238,83.7689,67.507,43.7456,11.6129,-1.0,-1.0,-1.0,-1.0,-1.0
5.284,0.022362359999999998,0.9999999999999998,0.0,4,198.586,-1.99668,3.57491,182.241,181.898,180.516,180.516,0.128871,147.402,-0.186353,15192.3,0.0,6.32878,10.5567,13.557,17.2129,20.6287,22.9281,24.3846,25.8242,26.9637,28.2107,29.581,31.0937,33.4959,36.7473,96.2821,83.2409,67.2434,44.6418,12.0124,-1.0,-1.0,-1.0,-1.0,-1.0
5.306,0.02255112,0.9999999999999998,0.0,4,199.227,-1.62477,3.59327,182.836,182.499,181.041,181.041,0.164767,148.599,-0.187926,15236.7,0.0,6.06149,10.0939,12.9497,16.4226,19.6607,21.8366,23.2135,24.5731,25.6486,26.8246,28.1158,29.54,31.7992,34.8517,95.7493,82.7204,66.961,45.377,12.423,-1.0,-1.0,-1.0,-1.0,-1.0
5.328,0.02275704,0.9999999999999998,0.0,4,199.867,-1.35814,3.60735,183.442,183.078,181.595,181.595,0.201424,149.798,-0.189642,15283.4,0.0,5.78871,9.622,12.3309,15.6182,18.6762,20.7274,22.0237,23.3026,24.3134,25.4178,26.6295,27.9647,30.08,32.933,95.2626,82.2343,66.6816,46.0056,12.8464,-1.0,-1.0,-1.0,-1.0,-1.0
5.35,0.0229842,0.9999999999999998,0.0,4,200.504,-1.18449,3.62179,184.052,183.652,182.161,182.161,0.238777,151.001,-0.191535,15331.0,0.0,5.51089,9.14183,11.7017,14.8008,17.6766,19.6018,20.8169,22.0145,22.9601,23.9924,25.1241,26.3698,28.3407,30.9938,39.7736,81.7883,66.4083,46.5513,13.2829,-1.0,-1.0,-1.0,-1.0,-1.0
5.372,0.02322972,0.9999999999999998,0.0,4,201.141,-1.07821,3.64017,184.658,184.225,182.723,182.723,0.27678,152.207,-0.193581,15378.3,0.0,5.22855,8.65474,11.0641,13.9738,16.6667,18.4655,19.5993,20.7156,21.5961,22.5566,23.6085,24.7652,26.5926,29.0476,35.8886,81.377,66.1354,47.0236,13.732,-1.0,-1.0,-1.0,-1.0,-1.0
5.394,0.023487360000000002,0.9999999999999998,0.0,4,201.777,-1.01649,3.65553,185.254,184.8,183.277,183.277,0.315415,153.417,-0.195728,15424.7,0.0,4.94211,8.16218,10.4206,13.1409,15.6517,17.3253,18.3785,19.4144,20.2307,21.1204,22.0937,23.1629,24.8495,27.1107,32.9235,80.989,65.8537,47.4251,14.1929,-1.0,-1.0,-1.0,-1.0,-1.0
5.416,0.02375088,0.9999999999999998,0.0,4,202.416,-0.977433,3.68024,185.845,185.38,183.772,183.772,0.354662,154.629,-0.197924,15466.4,0.0,4.65196,7.66536,9.77317,12.3055,14.6363,16.1864,17.1606,18.1177,18.8711,19.6916,20.5882,21.5721,23.1221,25.1956,30.3323,80.6128,65.555,47.7577,14.6645,-1.0,-1.0,-1.0,-1.0,-1.0
5.438,0.02402028,0.9999999999999998,0.0,4,203.049,-0.949735,3.70373,186.434,185.958,184.321,184.321,0.394515,155.845,-0.200169,15512.7,0.0,4.35817,7.16452,9.12218,11.4679,13.621,15.0497,15.9463,16.8261,17.5181,18.271,19.0929,19.9939,21.4112,23.3032,27.9482,80.2488,65.2399,48.0292,15.1471,-1.0,-1.0,-1.0,-1.0,-1.0
5.46,0.024296520000000002,0.9999999999999998,0.0,4,203.681,-0.93982,3.72275,187.02,186.533,184.888,184.888,0.434977,157.064,-0.202471,15560.5,0.0,4.06075,6.65971,8.46771,10.6283,12.6059,13.9153,14.7357,15.54,16.1719,16.8588,17.6079,18.4283,19.7168,21.4334,25.6306,79.8985,64.9099,48.2473,15.6409,-1.0,-1.0,-1.0,-1.0,-1.0
5.482,0.02457684,0.9999999999999998,0.0,4,204.31,-0.939744,3.73638,187.603,187.108,185.459,185.459,0.476044,158.286,-0.204807,15608.6,0.0,3.75983,6.15139,7.81053,9.78796,11.5928,12.785,13.5311,14.2615,14.8349,15.4576,16.1361,16.8783,18.0423,19.59,23.3589,79.5572,64.562,48.4142,16.1458,-1.0,-1.0,-1.0,-1.0,-1.0
5.504,0.0248658,0.9999999999999998,0.0,4,204.939,-0.943565,3.75612,188.192,187.681,186.028,186.028,0.51772,159.512,-0.207215,15656.4,0.0,3.45532,5.63928,7.15013,8.94592,10.5803,11.6575,12.3305,12.9888,13.505,14.0651,14.6748,15.341,16.3843,17.7687,21.1264,79.2332,64.2081,48.5391,16.6629,-1.0,-1.0,-1.0,-1.0,-1.0
5.526,0.025164239999999997,0.9999999999999998,0.0,4,205.566,-0.96143,3.7741,188.776,188.25,186.587,186.587,0.560019,160.74,-0.209702,15703.4,0.0,3.14716,5.12337,6.48657,8.10236,9.56861,10.5328,11.1344,11.722,12.1824,12.6815,13.2242,13.8165,14.743,15.9696,18.933,78.9288,63.866,48.6266,17.1929,-1.0,-1.0,-1.0,-1.0,-1.0
5.548,0.02546604,0.9999999999999998,0.0,4,206.196,-0.980493,3.79423,189.355,188.822,187.098,187.098,0.602946,161.972,-0.212217,15746.1,0.0,2.8355,4.60427,5.82089,7.25893,8.5601,9.41379,9.94562,10.4646,10.8708,11.3106,11.7885,12.3096,13.1233,14.1986,16.7861,78.6327,63.5293,48.6735,17.7347,-1.0,-1.0,-1.0,-1.0,-1.0
5.57,0.025765559999999996,0.9999999999999998,0.0,4,206.823,-0.991331,3.82077,189.93,189.4,187.616,187.616,0.646503,163.207,-0.214713,15790.0,0.0,2.52038,4.08233,5.15366,6.41652,7.55596,8.30187,8.76589,9.21819,9.57185,9.95451,10.3699,10.8223,11.5278,12.4583,14.6889,23.3668,63.1919,48.6777,18.2874,-1.0,-1.0,-1.0,-1.0,-1.0
5.592,0.02606724,0.9999999999999998,0.0,4,207.446,-0.996036,3.84327,190.504,189.971,188.171,188.171,0.690706,164.445,-0.217227,15836.7,0.0,2.20168,3.55716,4.48427,5.57418,6.55481,7.19535,7.59324,7.98068,8.28334,8.61053,8.96535,9.35141,9.95269,10.7442,12.6345,19.5527,62.8588,48.6462,18.8522,-1.0,-1.0,-1.0,-1.0,-1.0
5.614,0.02637336,0.9999999999999998,0.0,4,208.067,-1.00785,3.85981,191.079,190.539,188.737,188.737,0.73556,165.686,-0.219778,15884.4,0.0,1.87933,3.02868,3.81257,4.73163,5.55623,6.09365,6.42703,6.7513,7.00437,7.27772,7.57388,7.8958,8.39649,9.05433,10.6198,16.2815,62.5331,48.5834,19.4301,-1.0,-1.0,-1.0,-1.0,-1.0
5.636,0.14637336,0.9999999999999998,0.0,4,208.687,-1.02164,3.87549,191.655,191.107,189.303,189.303,0.78107,166.93,-0.222355,15932.0,0.0,1.55336,2.49699,3.13877,3.88918,4.56058,4.99721,5.26768,5.53048,5.73539,5.95654,6.19593,6.45586,6.85963,7.38914,8.64477,13.1339,62.2131,48.4898,20.0209,-1.0,-1.0,-1.0,-1.0,-1.0
5.658,0.1625,0.9999999999999998,0.0,4,209.279,-0.938106,3.89585,192.232,191.187,189.912,189.912,0.827514,168.176,-0.227806,15983.7,0.0,1.21966,1.95012,2.44404,3.01833,3.5292,3.85993,4.06422,4.26229,4.41644,4.58251,4.76194,4.95639,5.25762,5.65118,6.57775,9.81556,62.2999,48.6474,20.6912,-1.0,-1.0,-1.0,-1.0,-1.0
5.68,0.1625,0.9999999999999998,0.0,4,209.833,-1.6153,3.90986,193.149,191.168,190.628,190.628,0.875393,169.425,-0.23819,16044.0,0.0,0.87548,1.38589,1.72734,2.12028,2.46619,2.68832,2.82482,2.95665,3.0589,3.16872,3.28699,3.41469,3.61159,3.86714,4.46134,6.45872,63.121,49.2415,21.4783,-1.0,-1.0,-1.0,-1.0,-1.0
5.702,0.04250000000000001,0.9999999999999998,0.0,4,210.373,-2.63602,3.93544,193.928,191.34,191.296,191.296,0.924944,170.674,-0.251062,16100.3,0.0,0.523278,0.818408,1.01336,1.23505,1.42784,1.55049,1.62541,1.69746,1.75313,1.81271,1.87663,1.94538,2.05083,2.18669,2.49829,3.50368,10.8227,50.0227,22.311,-1.0,-1.0,-1.0,-1.0,-1.0
5.724,0.03148164,0.9999999999999998,0.0,4,210.93,-3.7288,3.95652,194.584,192.198,191.9,191.9,0.976161,171.924,-0.262347,16150.2,0.0,0.165106,0.255574,0.314715,0.381301,0.438631,0.474827,0.496835,0.517922,0.534166,0.551504,0.57005,0.589934,0.620304,0.659209,0.7475,1.02374,2.70471,50.604,23.0583,-1.0,-1.0,-1.0,-1.0,-1.0
5.746,0.0322998,0.9999999999999998,0.0,4,211.527,-3.92577,3.96927,194.721,193.184,192.317,192.317,1.02884,173.176,-0.269165,16185.0,0.0,-1.0,-1.0,-1.0,-1.0,-1.0,-1.0,-1.0,-1.0,-1.0,-1.0,-1.0,-1.0,-1.0,-1.0,-1.0,-1.0,-1.0,-1.0,-1.0,-1.0,-1.0,-1.0,-1.0,-1.0
5.768,0.03280932,0.9999999999999998,0.0,4,212.135,-3.57475,3.97568,194.986,194.012,192.714,192.714,1.08295,174.43,-0.273411,16218.5,0.0,-1.0,-1.0,-1.0,-1.0,-1.0,-1.0,-1.0,-1.0,-1.0,-1.0,-1.0,-1.0,-1.0,-1.0,-1.0,-1.0,-1.0,-1.0,-1.0,-1.0,-1.0,-1.0,-1.0,-1.0
5.79,0.033185639999999995,0.9999999999999998,0.0,4,212.744,-3.06479,3.99035,195.416,194.713,193.139,193.139,1.13847,175.685,-0.276547,16254.3,0.0,-1.0,-1.0,-1.0,-1.0,-1.0,-1.0,-1.0,-1.0,-1.0,-1.0,-1.0,-1.0,-1.0,-1.0,-1.0,-1.0,-1.0,-1.0,-1.0,-1.0,-1.0,-1.0,-1.0,-1.0
5.812,0.03351948,0.9999999999999998,0.0,4,213.353,-2.59319,4.00397,195.935,195.329,193.585,193.585,1.19524,176.942,-0.279329,16291.9,0.0,-1.0,-1.0,-1.0,-1.0,-1.0,-1.0,-1.0,-1.0,-1.0,-1.0,-1.0,-1.0,-1.0,-1.0,-1.0,-1.0,-1.0,-1.0,-1.0,-1.0,-1.0,-1.0,-1.0,-1.0
5.834,0.03384996,0.9999999999999998,0.0,4,213.965,-2.20965,4.02619,196.493,195.903,193.994,193.994,1.25319,178.201,-0.282083,16326.2,0.0,-1.0,-1.0,-1.0,-1.0,-1.0,-1.0,-1.0,-1.0,-1.0,-1.0,-1.0,-1.0,-1.0,-1.0,-1.0,-1.0,-1.0,-1.0,-1.0,-1.0,-1.0,-1.0,-1.0,-1.0
5.856,0.03418848,0.9999999999999998,0.0,4,214.571,-1.9236,4.05362,197.063,196.464,194.468,194.468,1.3122,179.462,-0.284904,16366.4,0.0,-1.0,-1.0,-1.0,-1.0,-1.0,-1.0,-1.0,-1.0,-1.0,-1.0,-1.0,-1.0,-1.0,-1.0,-1.0,-1.0,-1.0,-1.0,-1.0,-1.0,-1.0,-1.0,-1.0,-1.0
5.878,0.034539839999999995,0.9999999999999998,0.0,4,215.174,-1.72539,4.07579,197.634,197.014,194.989,194.989,1.37224,180.725,-0.287832,16410.4,0.0,-1.0,-1.0,-1.0,-1.0,-1.0,-1.0,-1.0,-1.0,-1.0,-1.0,-1.0,-1.0,-1.0,-1.0,-1.0,-1.0,-1.0,-1.0,-1.0,-1.0,-1.0,-1.0,-1.0,-1.0
5.9,0.0349104,0.9999999999999998,0.0,4,215.775,-1.59832,4.09054,198.205,197.552,195.531,195.531,1.43323,181.99,-0.29092,16456.1,0.0,-1.0,-1.0,-1.0,-1.0,-1.0,-1.0,-1.0,-1.0,-1.0,-1.0,-1.0,-1.0,-1.0,-1.0,-1.0,-1.0,-1.0,-1.0,-1.0,-1.0,-1.0,-1.0,-1.0,-1.0
5.922,0.0353184,0.9999999999999998,0.0,4,216.369,-1.51191,4.22098,198.846,198.109,196.074,196.074,1.49516,183.257,-0.29432,16501.5,0.0,-1.0,-1.0,-1.0,-1.0,-1.0,-1.0,-1.0,-1.0,-1.0,-1.0,-1.0,-1.0,-1.0,-1.0,-1.0,-1.0,-1.0,-1.0,-1.0,-1.0,-1.0,-1.0,-1.0,-1.0
5.944,0.0349722,0.9999999999999998,0.0,4,216.964,-1.53807,4.43931,199.465,198.608,196.556,196.556,1.55778,184.591,-0.291435,16542.1,0.0,-1.0,-1.0,-1.0,-1.0,-1.0,-1.0,-1.0,-1.0,-1.0,-1.0,-1.0,-1.0,-1.0,-1.0,-1.0,-1.0,-1.0,-1.0,-1.0,-1.0,-1.0,-1.0,-1.0,-1.0
5.966,0.03348828,0.9999999999999998,0.0,4,217.589,-1.58683,4.70548,200.025,199.134,196.611,196.611,1.61848,186.026,-0.279069,16540.8,0.0,-1.0,-1.0,-1.0,-1.0,-1.0,-1.0,-1.0,-1.0,-1.0,-1.0,-1.0,-1.0,-1.0,-1.0,-1.0,-1.0,-1.0,-1.0,-1.0,-1.0,-1.0,-1.0,-1.0,-1.0
5.988,0.03193728,0.9999999999999998,0.0,4,218.202,-1.48246,5.26282,200.591,199.784,196.639,196.639,1.67671,187.477,-0.266144,16549.0,0.0,-1.0,-1.0,-1.0,-1.0,-1.0,-1.0,-1.0,-1.0,-1.0,-1.0,-1.0,-1.0,-1.0,-1.0,-1.0,-1.0,-1.0,-1.0,-1.0,-1.0,-1.0,-1.0,-1.0,-1.0
6.01,0.03032088,0.9999999999999998,0.0,4,218.78,-1.3671,5.7539,201.082,200.351,197.218,197.218,1.73238,188.944,-0.252674,16598.5,0.0,-1.0,-1.0,-1.0,-1.0,-1.0,-1.0,-1.0,-1.0,-1.0,-1.0,-1.0,-1.0,-1.0,-1.0,-1.0,-1.0,-1.0,-1.0,-1.0,-1.0,-1.0,-1.0,-1.0,-1.0
6.032,0.02864196,0.9999999999999998,0.0,4,219.382,-1.23494,6.28091,201.59,200.93,197.446,197.446,1.78535,190.425,-0.238683,16617.2,0.0,-1.0,-1.0,-1.0,-1.0,-1.0,-1.0,-1.0,-1.0,-1.0,-1.0,-1.0,-1.0,-1.0,-1.0,-1.0,-1.0,-1.0,-1.0,-1.0,-1.0,-1.0,-1.0,-1.0,-1.0
6.054,0.026909279999999997,0.9999999999999998,0.0,4,219.945,-1.10801,6.75983,202.091,201.49,198.197,198.197,1.8355,191.922,-0.224244,16682.0,0.0,-1.0,-1.0,-1.0,-1.0,-1.0,-1.0,-1.0,-1.0,-1.0,-1.0,-1.0,-1.0,-1.0,-1.0,-1.0,-1.0,-1.0,-1.0,-1.0,-1.0,-1.0,-1.0,-1.0,-1.0
6.076,0.02514924,0.9999999999999998,0.0,4,220.51,-1.06447,7.05306,202.585,201.998,198.99,198.99,1.88268,193.432,-0.209577,16745.5,0.0,-1.0,-1.0,-1.0,-1.0,-1.0,-1.0,-1.0,-1.0,-1.0,-1.0,-1.0,-1.0,-1.0,-1.0,-1.0,-1.0,-1.0,-1.0,-1.0,-1.0,-1.0,-1.0,-1.0,-1.0
6.098,0.02334672,0.9999999999999998,0.0,4,221.087,-1.02869,7.31482,203.092,202.547,199.549,199.549,1.92676,194.957,-0.194556,16795.4,0.0,-1.0,-1.0,-1.0,-1.0,-1.0,-1.0,-1.0,-1.0,-1.0,-1.0,-1.0,-1.0,-1.0,-1.0,-1.0,-1.0,-1.0,-1.0,-1.0,-1.0,-1.0,-1.0,-1.0,-1.0
6.12,0.02150148,0.9999999999999998,0.0,4,221.646,-1.01332,7.41668,203.579,203.073,200.394,200.394,1.96761,196.495,-0.179179,16866.1,0.0,-1.0,-1.0,-1.0,-1.0,-1.0,-1.0,-1.0,-1.0,-1.0,-1.0,-1.0,-1.0,-1.0,-1.0,-1.0,-1.0,-1.0,-1.0,-1.0,-1.0,-1.0,-1.0,-1.0,-1.0
6.142,0.019622999999999998,0.9999999999999998,0.0,4,222.225,-1.00683,7.43501,204.072,203.595,200.976,200.976,2.00513,198.047,-0.163525,16914.5,0.0,-1.0,-1.0,-1.0,-1.0,-1.0,-1.0,-1.0,-1.0,-1.0,-1.0,-1.0,-1.0,-1.0,-1.0,-1.0,-1.0,-1.0,-1.0,-1.0,-1.0,-1.0,-1.0,-1.0,-1.0
6.164,0.01769796,0.9999999999999998,0.0,4,222.798,-0.989156,7.37832,204.565,204.135,201.621,201.621,2.03921,199.611,-0.147483,16968.8,0.0,-1.0,-1.0,-1.0,-1.0,-1.0,-1.0,-1.0,-1.0,-1.0,-1.0,-1.0,-1.0,-1.0,-1.0,-1.0,-1.0,-1.0,-1.0,-1.0,-1.0,-1.0,-1.0,-1.0,-1.0
6.186,0.015730440000000002,0.9999999999999998,0.0,4,223.363,-0.958421,7.26744,205.066,204.685,202.364,202.364,2.06977,201.186,-0.131087,17033.9,0.0,-1.0,-1.0,-1.0,-1.0,-1.0,-1.0,-1.0,-1.0,-1.0,-1.0,-1.0,-1.0,-1.0,-1.0,-1.0,-1.0,-1.0,-1.0,-1.0,-1.0,-1.0,-1.0,-1.0,-1.0
6.208,0.0,0.9999999999999998,0.0,4,223.939,-0.937293,7.01976,205.536,205.196,203.025,203.025,2.09668,202.773,-0.114357,17086.2,0.0,-1.0,-1.0,-1.0,-1.0,-1.0,-1.0,-1.0,-1.0,-1.0,-1.0,-1.0,-1.0,-1.0,-1.0,-1.0,-1.0,-1.0,-1.0,-1.0,-1.0,-1.0,-1.0,-1.0,-1.0
6.23,0.0,0.9999999999999998,0.0,4,224.531,-0.883624,6.82298,206.011,205.817,203.397,203.397,2.11982,204.37,-0.0967356,17117.2,0.0,-1.0,-1.0,-1.0,-1.0,-1.0,-1.0,-1.0,-1.0,-1.0,-1.0,-1.0,-1.0,-1.0,-1.0,-1.0,-1.0,-1.0,-1.0,-1.0,-1.0,-1.0,-1.0,-1.0,-1.0
6.252,0.0,0.9999999999999998,0.0,4,225.065,-0.716749,6.39674,206.42,206.375,204.677,204.677,2.13903,205.976,-0.0782617,17225.3,0.0,-1.0,-1.0,-1.0,-1.0,-1.0,-1.0,-1.0,-1.0,-1.0,-1.0,-1.0,-1.0,-1.0,-1.0,-1.0,-1.0,-1.0,-1.0,-1.0,-1.0,-1.0,-1.0,-1.0,-1.0
6.274,0.0,0.9999999999999998,0.0,4,225.677,-0.531495,6.02263,206.91,206.933,204.833,204.833,2.15421,207.591,-0.0594327,17237.1,0.0,-1.0,-1.0,-1.0,-1.0,-1.0,-1.0,-1.0,-1.0,-1.0,-1.0,-1.0,-1.0,-1.0,-1.0,-1.0,-1.0,-1.0,-1.0,-1.0,-1.0,-1.0,-1.0,-1.0,-1.0
6.296,0.0,0.9999999999999998,0.0,4,226.193,-0.371007,5.51951,207.421,207.475,206.319,206.319,2.16525,209.214,-0.0404286,17368.0,0.0,-1.0,-1.0,-1.0,-1.0,-1.0,-1.0,-1.0,-1.0,-1.0,-1.0,-1.0,-1.0,-1.0,-1.0,-1.0,-1.0,-1.0,-1.0,-1.0,-1.0,-1.0,-1.0,-1.0,-1.0
6.318,0.0,0.9999999999999998,0.0,4,226.802,-0.256433,4.89753,207.88,207.93,206.649,206.649,2.17207,210.842,-0.0213837,17388.4,0.0,-1.0,-1.0,-1.0,-1.0,-1.0,-1.0,-1.0,-1.0,-1.0,-1.0,-1.0,-1.0,-1.0,-1.0,-1.0,-1.0,-1.0,-1.0,-1.0,-1.0,-1.0,-1.0,-1.0,-1.0
6.34,0.0,0.9999999999999998,0.0,4,227.372,-0.167798,4.36803,208.478,208.519,207.275,207.275,2.17459,212.477,-0.00230747,17461.2,0.0,-1.0,-1.0,-1.0,-1.0,-1.0,-1.0,-1.0,-1.0,-1.0,-1.0,-1.0,-1.0,-1.0,-1.0,-1.0,-1.0,-1.0,-1.0,-1.0,-1.0,-1.0,-1.0,-1.0,-1.0
6.362,-0.12,0.9999999999999998,0.0,4,227.901,-0.112552,3.44379,208.868,208.898,208.9,208.9,2.17278,214.115,0.0167645,17577.8,0.0,-1.0,-1.0,-1.0,-1.0,-1.0,-1.0,-1.0,-1.0,-1.0,-1.0,-1.0,-1.0,-1.0,-1.0,-1.0,-1.0,-1.0,-1.0,-1.0,-1.0,-1.0,-1.0,-1.0,-1.0
6.384,-0.1625,0.9999999999999998,0.0,4,228.56,-0.12387,2.81014,209.139,209.453,208.345,208.345,2.16636,215.756,0.0381067,17530.4,0.0,-1.0,-1.0,-1.0,-1.0,-1.0,-1.0,-1.0,-1.0,-1.0,-1.0,-1.0,-1.0,-1.0,-1.0,-1.0,-1.0,-1.0,-1.0,-1.0,-1.0,-1.0,-1.0,-1.0,-1.0
6.406,-0.1625,0.9999999999999998,0.0,4,228.96,0.814,1.68741,209.13,210.015,211.415,211.415,2.15488,217.399,0.0642407,17794.5,0.0,-1.0,-1.0,-1.0,-1.0,-1.0,-1.0,-1.0,-1.0,-1.0,-1.0,-1.0,-1.0,-1.0,-1.0,-1.0,-1.0,-1.0,-1.0,-1.0,-1.0,-1.0,-1.0,-1.0,-1.0
6.428,-0.1625,0.9999999999999998,0.0,4,229.598,2.05929,0.781132,209.228,210.597,211.031,211.031,2.13828,219.041,0.0922211,17754.9,0.0,-1.0,-1.0,-1.0,-1.0,-1.0,-1.0,-1.0,-1.0,-1.0,-1.0,-1.0,-1.0,-1.0,-1.0,-1.0,-1.0,-1.0,-1.0,-1.0,-1.0,-1.0,-1.0,-1.0,-1.0
6.45,-0.04250000000000001,0.9999999999999998,0.0,4,229.975,3.43826,-0.249616,209.47,211.315,213.737,213.737,2.1162,220.682,0.121814,18001.4,0.0,-1.0,-1.0,-1.0,-1.0,-1.0,-1.0,-1.0,-1.0,-1.0,-1.0,-1.0,-1.0,-1.0,-1.0,-1.0,-1.0,-1.0,-1.0,-1.0,-1.0,-1.0,-1.0,-1.0,-1.0
6.472,-0.01746588,0.9999999999999998,0.0,4,230.473,5.20472,-1.14259,209.978,212.267,214.727,214.727,2.08902,222.233,0.145549,18065.5,0.0,-1.0,-1.0,-1.0,-1.0,-1.0,-1.0,-1.0,-1.0,-1.0,-1.0,-1.0,-1.0,-1.0,-1.0,-1.0,-1.0,-1.0,-1.0,-1.0,-1.0,-1.0,-1.0,-1.0,-1.0
6.494,-0.01855212,0.9999999999999998,0.0,4,231.109,6.20377,-1.67963,210.873,212.853,213.672,213.672,2.05976,223.634,0.154601,17981.5,0.0,-1.0,-1.0,-1.0,-1.0,-1.0,-1.0,-1.0,-1.0,-1.0,-1.0,-1.0,-1.0,-1.0,-1.0,-1.0,-1.0,-1.0,-1.0,-1.0,-1.0,-1.0,-1.0,-1.0,-1.0
6.516,-0.019387799999999997,0.9999999999999998,0.0,4,231.735,6.4259,-2.02997,211.702,213.248,212.935,212.935,2.02912,225.036,0.161565,17913.1,0.0,-1.0,-1.0,-1.0,-1.0,-1.0,-1.0,-1.0,-1.0,-1.0,-1.0,-1.0,-1.0,-1.0,-1.0,-1.0,-1.0,-1.0,-1.0,-1.0,-1.0,-1.0,-1.0,-1.0,-1.0
6.538,-0.019991279999999997,0.9999999999999998,0.0,4,232.413,5.96143,-2.08775,212.544,213.666,211.511,211.511,1.99677,226.442,0.166594,17794.1,0.0,-1.0,-1.0,-1.0,-1.0,-1.0,-1.0,-1.0,-1.0,-1.0,-1.0,-1.0,-1.0,-1.0,-1.0,-1.0,-1.0,-1.0,-1.0,-1.0,-1.0,-1.0,-1.0,-1.0,-1.0
6.56,-0.02032044,0.9999999999999998,0.0,4,233.054,4.9062,-1.92565,213.408,214.042,210.741,210.741,1.96258,227.85,0.169337,17732.4,0.0,-1.0,-1.0,-1.0,-1.0,-1.0,-1.0,-1.0,-1.0,-1.0,-1.0,-1.0,-1.0,-1.0,-1.0,-1.0,-1.0,-1.0,-1.0,-1.0,-1.0,-1.0,-1.0,-1.0,-1.0
6.582,-0.0204534,0.9999999999999998,0.0,4,233.655,3.6423,-1.6353,214.179,214.451,210.66,210.66,1.92659,229.26,0.170445,17727.7,0.0,-1.0,-1.0,-1.0,-1.0,-1.0,-1.0,-1.0,-1.0,-1.0,-1.0,-1.0,-1.0,-1.0,-1.0,-1.0,-1.0,-1.0,-1.0,-1.0,-1.0,-1.0,-1.0,-1.0,-1.0
6.604,-0.02052084,0.9999999999999998,0.0,4,234.231,2.55591,-1.32658,214.801,214.939,210.987,210.987,1.88913,230.672,0.171007,17756.2,0.0,-1.0,-1.0,-1.0,-1.0,-1.0,-1.0,-1.0,-1.0,-1.0,-1.0,-1.0,-1.0,-1.0,-1.0,-1.0,-1.0,-1.0,-1.0,-1.0,-1.0,-1.0,-1.0,-1.0,-1.0
6.626,-0.020613959999999997,0.9999999999999998,0.0,4,234.791,1.79759,-1.06458,215.314,215.484,211.512,211.512,1.85052,232.087,0.171783,17801.2,0.0,-1.0,-1.0,-1.0,-1.0,-1.0,-1.0,-1.0,-1.0,-1.0,-1.0,-1.0,-1.0,-1.0,-1.0,-1.0,-1.0,-1.0,-1.0,-1.0,-1.0,-1.0,-1.0,-1.0,-1.0
6.648,-0.02076228,0.9999999999999998,0.0,4,235.337,1.35845,-0.913828,215.778,216.04,212.243,212.243,1.81102,233.504,0.173019,17863.1,0.0,-1.0,-1.0,-1.0,-1.0,-1.0,-1.0,-1.0,-1.0,-1.0,-1.0,-1.0,-1.0,-1.0,-1.0,-1.0,-1.0,-1.0,-1.0,-1.0,-1.0,-1.0,-1.0,-1.0,-1.0
6.67,-0.02096184,0.9999999999999998,0.0,4,235.885,1.14352,-0.867845,216.236,216.585,212.947,212.947,1.77076,234.923,0.174682,17922.0,0.0,-1.0,-1.0,-1.0,-1.0,-1.0,-1.0,-1.0,-1.0,-1.0,-1.0,-1.0,-1.0,-1.0,-1.0,-1.0,-1.0,-1.0,-1.0,-1.0,-1.0,-1.0,-1.0,-1.0,-1.0
6.692,-0.02119464,0.9999999999999998,0.0,4,236.439,1.05587,-0.8879,216.708,217.116,213.554,213.554,1.72984,236.346,0.176622,17972.7,0.0,-1.0,-1.0,-1.0,-1.0,-1.0,-1.0,-1.0,-1.0,-1.0,-1.0,-1.0,-1.0,-1.0,-1.0,-1.0,-1.0,-1.0,-1.0,-1.0,-1.0,-1.0,-1.0,-1.0,-1.0
6.714,-0.02144364,0.9999999999999998,0.0,4,236.996,1.02704,-0.941756,217.199,217.636,214.085,214.085,1.68829,237.771,0.178697,18017.1,0.0,-1.0,-1.0,-1.0,-1.0,-1.0,-1.0,-1.0,-1.0,-1.0,-1.0,-1.0,-1.0,-1.0,-1.0,-1.0,-1.0,-1.0,-1.0,-1.0,-1.0,-1.0,-1.0,-1.0,-1.0
6.736,-0.02169864,0.9999999999999998,0.0,4,237.554,1.02013,-1.00955,217.702,218.151,214.584,214.584,1.64612,239.199,0.180822,18059.0,0.0,-1.0,-1.0,-1.0,-1.0,-1.0,-1.0,-1.0,-1.0,-1.0,-1.0,-1.0,-1.0,-1.0,-1.0,-1.0,-1.0,-1.0,-1.0,-1.0,-1.0,-1.0,-1.0,-1.0,-1.0
6.758,-0.0219606,0.9999999999999998,0.0,4,238.113,1.01833,-1.07251,218.207,218.669,215.042,215.042,1.60334,240.63,0.183005,18097.5,0.0,-1.0,-1.0,-1.0,-1.0,-1.0,-1.0,-1.0,-1.0,-1.0,-1.0,-1.0,-1.0,-1.0,-1.0,-1.0,-1.0,-1.0,-1.0,-1.0,-1.0,-1.0,-1.0,-1.0,-1.0
6.78,-0.02222856,0.9999999999999998,0.0,4,238.669,1.02501,-1.12086,218.716,219.188,215.498,215.498,1.55993,242.063,0.185238,18135.9,0.0,-1.0,-1.0,-1.0,-1.0,-1.0,-1.0,-1.0,-1.0,-1.0,-1.0,-1.0,-1.0,-1.0,-1.0,-1.0,-1.0,-1.0,-1.0,-1.0,-1.0,-1.0,-1.0,-1.0,-1.0
6.802,-0.02249952,0.9999999999999998,0.0,4,239.223,1.034,-1.16122,219.223,219.701,215.959,215.959,1.51588,243.499,0.187496,18174.7,0.0,-1.0,-1.0,-1.0,-1.0,-1.0,-1.0,-1.0,-1.0,-1.0,-1.0,-1.0,-1.0,-1.0,-1.0,-1.0,-1.0,-1.0,-1.0,-1.0,-1.0,-1.0,-1.0,-1.0,-1.0
6.824,0.09750048,0.9999999999999998,0.0,4,239.776,1.03877,-1.1925,219.733,220.211,216.415,216.415,1.47121,244.938,0.189752,18213.1,0.0,-1.0,-1.0,-1.0,-1.0,-1.0,-1.0,-1.0,-1.0,-1.0,-1.0,-1.0,-1.0,-1.0,-1.0,-1.0,-1.0,-1.0,-1.0,-1.0,-1.0,-1.0,-1.0,-1.0,-1.0
6.846,0.1625,0.9999999999999998,0.0,4,240.316,1.10805,-1.21686,220.575,220.233,216.896,216.896,1.4263,246.381,0.187818,18253.7,0.0,-1.0,-1.0,-1.0,-1.0,-1.0,-1.0,-1.0,-1.0,-1.0,-1.0,-1.0,-1.0,-1.0,-1.0,-1.0,-1.0,-1.0,-1.0,-1.0,-1.0,-1.0,-1.0,-1.0,-1.0
6.868,0.1625,0.9999999999999998,0.0,4,240.824,-0.0223631,-1.23914,221.669,219.817,217.445,217.445,1.3821,247.827,0.177704,18300.4,0.0,-1.0,-1.0,-1.0,-1.0,-1.0,-1.0,-1.0,-1.0,-1.0,-1.0,-1.0,-1.0,-1.0,-1.0,-1.0,-1.0,-1.0,-1.0,-1.0,-1.0,-1.0,-1.0,-1.0,-1.0
6.89,0.1625,0.9999999999999998,0.0,4,241.294,-1.88297,-1.25094,222.612,219.685,218.118,218.118,1.33926,249.278,0.162882,18357.3,0.0,-1.0,-1.0,-1.0,-1.0,-1.0,-1.0,-1.0,-1.0,-1.0,-1.0,-1.0,-1.0,-1.0,-1.0,-1.0,-1.0,-1.0,-1.0,-1.0,-1.0,-1.0,-1.0,-1.0,-1.0
6.912,0.04250000000000001,0.9999999999999998,0.0,4,241.731,-3.69078,-1.26069,223.138,219.819,218.796,218.796,1.29822,250.733,0.146836,18414.2,0.0,-1.0,-1.0,-1.0,-1.0,-1.0,-1.0,-1.0,-1.0,-1.0,-1.0,-1.0,-1.0,-1.0,-1.0,-1.0,-1.0,-1.0,-1.0,-1.0,-1.0,-1.0,-1.0,-1.0,-1.0
6.934,-0.01607016,0.9999999999999998,0.0,4,242.192,-5.13654,-1.28252,223.515,220.742,219.279,219.279,1.2591,252.193,0.133918,18453.5,0.0,-1.0,-1.0,-1.0,-1.0,-1.0,-1.0,-1.0,-1.0,-1.0,-1.0,-1.0,-1.0,-1.0,-1.0,-1.0,-1.0,-1.0,-1.0,-1.0,-1.0,-1.0,-1.0,-1.0,-1.0
6.956,-0.015438119999999998,0.9999999999999998,0.0,4,242.717,-5.18858,-1.31446,223.301,222.073,219.553,219.553,1.22151,253.658,0.128651,18476.8,0.0,-1.0,-1.0,-1.0,-1.0,-1.0,-1.0,-1.0,-1.0,-1.0,-1.0,-1.0,-1.0,-1.0,-1.0,-1.0,-1.0,-1.0,-1.0,-1.0,-1.0,-1.0,-1.0,-1.0,-1.0
6.978,-0.01546692,0.9999999999999998,0.0,4,243.279,-4.0173,-1.36517,223.236,223.173,219.765,219.765,1.18515,255.127,0.128891,18494.1,0.0,-1.0,-1.0,-1.0,-1.0,-1.0,-1.0,-1.0,-1.0,-1.0,-1.0,-1.0,-1.0,-1.0,-1.0,-1.0,-1.0,-1.0,-1.0,-1.0,-1.0,-1.0,-1.0,-1.0,-1.0
7.0,-0.0157596,0.9999999999999998,0.0,4,243.841,-2.62223,-1.40101,223.499,223.96,220.046,220.046,1.14973,256.601,0.13133,18518.2,0.0,-1.0,-1.0,-1.0,-1.0,-1.0,-1.0,-1.0,-1.0,-1.0,-1.0,-1.0,-1.0,-1.0,-1.0,-1.0,-1.0,-1.0,-1.0,-1.0,-1.0,-1.0,-1.0,-1.0,-1.0
7.022,-0.01612536,0.9999999999999998,0.0,4,244.394,-1.44603,-1.42971,223.93,224.551,220.42,220.42,1.11485,258.078,0.134378,18549.9,0.0,-1.0,-1.0,-1.0,-1.0,-1.0,-1.0,-1.0,-1.0,-1.0,-1.0,-1.0,-1.0,-1.0,-1.0,-1.0,-1.0,-1.0,-1.0,-1.0,-1.0,-1.0,-1.0,-1.0,-1.0
7.044,-0.01648452,0.9999999999999998,0.0,4,244.938,-0.584325,-1.47738,224.421,225.048,220.852,220.852,1.08016,259.559,0.137371,18586.4,0.0,-1.0,-1.0,-1.0,-1.0,-1.0,-1.0,-1.0,-1.0,-1.0,-1.0,-1.0,-1.0,-1.0,-1.0,-1.0,-1.0,-1.0,-1.0,-1.0,-1.0,-1.0,-1.0,-1.0,-1.0
7.066,-0.016806480000000002,0.9999999999999998,0.0,4,245.469,-0.0101258,-1.53016,224.942,225.514,221.397,221.397,1.0454,261.043,0.140054,18634.3,0.0,-1.0,-1.0,-1.0,-1.0,-1.0,-1.0,-1.0,-1.0,-1.0,-1.0,-1.0,-1.0,-1.0,-1.0,-1.0,-1.0,-1.0,-1.0,-1.0,-1.0,-1.0,-1.0,-1.0,-1.0
7.088,-0.01709952,0.9999999999999998,0.0,4,245.998,0.355451,-1.61256,225.449,225.971,221.944,221.944,1.01038,262.53,0.142496,18678.2,0.0,-1.0,-1.0,-1.0,-1.0,-1.0,-1.0,-1.0,-1.0,-1.0,-1.0,-1.0,-1.0,-1.0,-1.0,-1.0,-1.0,-1.0,-1.0,-1.0,-1.0,-1.0,-1.0,-1.0,-1.0
7.11,-0.017370959999999998,0.9999999999999998,0.0,4,246.533,0.586485,-1.66206,225.96,226.443,222.35,222.35,0.975001,264.02,0.144758,18712.3,0.0,0.250945,0.807411,2.32055,166.027,149.596,117.382,103.193,93.3356,87.3815,82.1473,77.5104,73.3742,68.2818,63.2746,55.6525,44.9251,34.1658,25.842,14.7809,0.150902,0.151216,0.151577,0.151987,0.152446
7.132,-0.01762308,0.9999999999999998,0.0,4,247.065,0.721481,-1.69545,226.467,226.912,222.764,222.764,0.939168,265.513,0.146859,18747.2,0.0,0.612378,1.98684,5.83615,163.854,146.38,112.915,99.5123,90.1625,84.4993,79.5112,75.0846,71.13,66.2533,61.4496,54.1212,43.7738,33.3565,25.2703,14.49,-1.0,-1.0,-1.0,-1.0,-1.0
7.154,-0.0178602,0.9999999999999998,0.0,4,247.595,0.791576,-1.75334,226.957,227.377,223.186,223.186,0.902846,267.009,0.148835,18782.7,0.0,0.980638,3.2071,9.62445,161.684,142.858,108.726,96.0363,87.1504,81.7545,76.9934,72.7616,68.9757,64.3,59.687,52.635,42.6483,32.5589,24.7029,14.1978,-1.0,-1.0,-1.0,-1.0,-1.0
7.176,-0.018088800000000002,0.9999999999999998,0.0,4,248.113,0.828035,-1.8174,227.45,227.855,223.729,223.729,0.866005,268.508,0.15074,18830.8,0.0,1.35599,4.46926,13.7041,159.506,138.474,104.732,92.7027,84.2491,79.1037,74.556,70.5078,66.8815,62.3967,57.9651,51.1774,41.5379,31.767,24.1364,13.9034,-1.0,-1.0,-1.0,-1.0,-1.0
7.198,-0.01832172,0.9999999999999998,0.0,4,248.63,0.865897,-1.92083,227.92,228.332,224.29,224.29,0.828647,270.009,0.152681,18875.3,0.0,1.73863,5.77666,18.1237,157.294,132.553,100.815,89.4199,81.384,76.4815,72.1413,68.2722,64.8016,60.5035,56.2499,49.7223,40.426,30.9714,23.5659,13.6056,-1.0,-1.0,-1.0,-1.0,-1.0
7.22,-0.01855908,0.9999999999999998,0.0,4,249.155,0.89636,-1.98059,228.402,228.821,224.646,224.646,0.790751,271.513,0.154659,18905.4,0.0,2.12889,7.13222,22.9301,155.047,126.788,96.974,86.1882,78.5557,73.8886,69.7499,66.0551,62.7366,58.621,54.5419,48.27,39.3126,30.1721,22.9911,13.3044,-1.0,-1.0,-1.0,-1.0,-1.0
7.242,-0.018801480000000002,0.9999999999999998,0.0,4,249.674,0.915624,-2.02061,228.877,229.302,225.019,225.019,0.752304,273.02,0.156679,18936.8,0.0,2.52704,8.53915,28.1814,152.759,121.188,93.2034,83.0035,75.7609,71.3221,67.3796,63.8547,60.6846,56.7478,52.8398,46.8195,38.1971,29.3687,22.4119,12.9996,-1.0,-1.0,-1.0,-1.0,-1.0
7.264,-0.019038479999999997,0.9999999999999998,0.0,4,250.19,0.929513,-2.09098,229.345,229.763,225.402,225.402,0.713279,274.529,0.158654,18969.1,0.0,2.93316,9.99625,33.889,150.449,115.861,89.5696,79.919,73.0443,68.8218,65.0656,61.7026,58.6744,54.9088,51.1654,45.3879,37.0906,28.5675,21.8316,12.6919,-1.0,-1.0,-1.0,-1.0,-1.0
7.286,-0.019267919999999997,0.9999999999999998,0.0,4,250.688,0.926425,-2.17289,229.822,230.228,225.949,225.949,0.673686,276.041,0.160566,19018.1,0.0,3.34703,11.5025,40.0761,148.121,110.806,86.0754,76.9382,70.4094,66.3913,62.8115,59.6024,56.7093,53.1073,49.5215,43.9775,35.9949,27.7698,21.251,12.3815,-1.0,-1.0,-1.0,-1.0,-1.0
7.308,-0.019507679999999996,0.9999999999999998,0.0,4,251.183,0.946047,-2.30185,230.268,230.691,226.481,226.481,0.633538,277.556,0.162564,19059.6,0.0,3.76928,13.0689,46.9237,145.732,105.824,82.6059,73.9702,67.7808,63.9637,60.5579,57.5007,54.7413,51.3012,47.8718,42.5601,34.8916,26.9648,20.6643,12.0671,-1.0,-1.0,-1.0,-1.0,-1.0
7.33,-0.019761599999999997,0.9999999999999998,0.0,4,251.687,0.969087,-2.37523,230.722,231.169,226.799,226.799,0.592809,279.073,0.16468,19086.5,0.0,4.20059,14.7037,54.6022,143.264,100.891,79.1448,71.0021,65.1476,61.5293,58.296,55.3895,52.763,49.4842,46.2108,41.1313,33.7775,26.1507,20.0703,11.7484,-1.0,-1.0,-1.0,-1.0,-1.0
7.352,-0.0200232,0.9999999999999998,0.0,4,252.184,0.994833,-2.4162,231.176,231.636,227.144,227.144,0.551476,280.593,0.16686,19115.5,0.0,4.64114,16.4086,63.222,140.724,96.0719,75.734,68.0673,62.5379,59.1132,56.0481,53.2891,50.7927,47.6722,44.5523,39.7017,32.6597,25.3315,19.4712,11.4257,-1.0,-1.0,-1.0,-1.0,-1.0
7.374,-0.020282039999999998,0.9999999999999998,0.0,4,252.677,1.00791,-2.44263,231.631,232.088,227.493,227.493,0.509534,282.115,0.169017,19144.9,0.0,5.09059,18.1789,72.8205,138.128,91.449,72.4256,65.2086,59.9879,56.7477,53.8436,51.2259,48.8545,45.8865,42.9148,38.2862,31.5481,24.5129,18.87,11.0998,-1.0,-1.0,-1.0,-1.0,-1.0
7.396,-0.020537399999999997,0.9999999999999998,0.0,4,253.161,1.00722,-2.45065,232.086,232.537,227.894,227.894,0.46696,283.639,0.171145,19179.2,0.0,5.54914,20.0165,83.5365,135.467,87.0099,69.2147,62.4227,57.4952,54.431,51.6807,49.1985,46.9473,44.1261,41.2975,36.8841,30.4423,23.6949,18.2669,10.7706,-1.0,-1.0,-1.0,-1.0,-1.0
7.418,-0.02080008,0.9999999999999998,0.0,5,253.639,1.00947,-2.46221,232.521,232.985,228.31,228.31,0.423764,285.166,0.173334,19213.8,0.0,6.01753,21.9353,95.7794,132.692,82.668,66.0488,59.6675,55.0246,52.1318,49.5316,47.1819,45.0482,42.3712,39.6833,35.482,29.3333,22.872,17.6587,10.4373,-1.0,-1.0,-1.0,-1.0,-1.0
7.44,-0.02107152,0.9999999999999998,0.0,5,253.549,1.01208,-2.46212,232.767,233.243,223.455,223.929,0.379968,286.694,0.175596,17212.1,0.0,6.49582,23.9418,109.943,129.774,78.4181,62.9261,56.942,52.5755,49.8496,47.3959,45.1756,43.1572,40.6216,38.0721,34.0799,28.2214,22.0447,17.0458,10.1003,-1.0,-1.0,-1.0,-1.0,-1.0
7.462,-0.02136192,0.9999999999999998,0.0,5,253.081,1.03405,-2.44654,232.411,232.917,222.985,223.506,0.335643,288.219,0.178016,17170.9,0.0,6.98441,26.0543,146.9,126.627,74.208,59.8144,54.2202,50.1262,47.5651,45.2563,43.1644,41.2603,38.8651,36.4533,32.6696,27.1012,21.21,16.4268,9.75937,-1.0,-1.0,-1.0,-1.0,-1.0
7.484,-0.021680039999999998,0.9999999999999998,0.0,5,252.572,1.09184,-2.41373,231.946,232.501,221.938,222.709,0.290821,289.74,0.180667,16805.7,0.0,7.4842,28.2969,144.668,123.099,70.0091,56.6954,51.4874,47.6639,45.2669,43.1025,41.1387,39.3489,37.0942,34.8205,31.246,25.9694,20.366,15.8006,9.41455,-1.0,-1.0,-1.0,-1.0,-1.0
7.506,-0.022015559999999997,0.9999999999999998,0.0,5,252.641,1.16207,-2.36493,231.67,232.255,227.039,227.039,0.245416,291.259,0.183463,17166.2,0.0,7.99575,30.6724,142.389,118.915,65.8922,53.6146,48.7804,45.2199,42.9829,40.9597,39.1213,37.4436,35.3271,33.1891,29.8212,24.8339,19.517,15.1695,9.06591,-1.0,-1.0,-1.0,-1.0,-1.0
7.528,-0.02234148,0.9999999999999998,0.0,5,253.045,1.20742,-2.31457,231.971,232.545,227.41,227.41,0.199304,292.78,0.186179,17193.2,0.0,8.51808,33.1503,140.092,112.5,61.9775,50.652,46.1653,42.851,40.7642,38.8741,37.1542,35.5827,33.5974,31.589,28.4189,23.7103,18.6721,14.5381,8.71401,-1.0,-1.0,-1.0,-1.0,-1.0
7.55,-0.02265024,0.9999999999999998,0.0,5,253.45,1.21494,-2.27631,232.348,232.893,227.712,227.712,0.152476,294.302,0.188752,17216.1,0.0,9.05037,35.7165,137.786,103.937,58.2754,47.8174,43.6514,40.5654,38.6188,36.8531,35.2444,33.7727,31.9113,30.0255,27.0435,22.6021,17.8332,13.9077,8.3591,-1.0,-1.0,-1.0,-1.0,-1.0
7.572,-0.022945439999999998,0.9999999999999998,0.0,5,253.853,1.19439,-2.26113,232.722,233.244,228.035,228.035,0.10492,295.825,0.191212,17240.6,0.0,9.59298,38.3772,135.465,96.1015,54.7436,45.0852,41.2181,38.3462,36.5314,34.8831,33.3796,32.0027,30.2592,28.4904,25.6887,21.5048,16.998,13.2768,8.00082,-1.0,-1.0,-1.0,-1.0,-1.0
7.594,-0.023229359999999998,0.9999999999999998,0.0,5,254.253,1.16692,-2.27338,233.095,233.597,228.385,228.385,0.0566339,297.351,0.193578,17267.1,0.0,10.146,41.1361,133.126,88.8623,51.3557,42.4398,38.8529,36.1829,34.4929,32.9561,31.5527,30.2662,28.6352,26.9787,24.3505,20.4161,16.1649,12.6448,7.63899,-1.0,-1.0,-1.0,-1.0,-1.0
7.616,-0.02350632,0.9999999999999998,0.0,5,254.647,1.14114,-2.31951,233.464,233.954,228.811,228.811,0.00766921,298.878,0.195886,17299.5,0.0,10.7095,44.0026,130.762,82.095,48.0837,39.8641,36.5425,34.0644,32.4934,31.0632,29.7557,28.556,27.0335,25.4852,23.025,19.3334,15.3328,12.011,7.27373,-1.0,-1.0,-1.0,-1.0,-1.0
7.638,0.09649368,0.9999999999999998,0.0,5,255.045,1.12952,-2.38034,233.821,234.323,229.181,229.181,-0.0420062,300.407,0.198261,17327.3,0.0,11.2857,47.0231,128.345,75.6167,44.8727,37.3215,34.2563,31.9644,30.5091,29.1827,27.9689,26.854,25.4376,23.9956,21.7007,18.2487,14.4968,11.3726,6.90421,-1.0,-1.0,-1.0,-1.0,-1.0
7.66,0.1625,0.9999999999999998,0.0,5,255.436,1.16438,-2.42894,234.558,234.186,229.503,229.503,-0.0919143,301.938,0.196222,17351.5,0.0,11.7901,48.5376,126.733,73.6474,43.2174,35.8462,32.8655,30.641,29.2305,27.9461,26.7718,25.6941,24.3263,22.9351,20.724,17.405,13.8068,10.8178,6.55343,-1.0,-1.0,-1.0,-1.0,-1.0
7.682,0.1625,0.9999999999999998,0.0,5,255.792,-0.144447,-2.49135,235.526,233.603,229.909,229.909,-0.141044,303.472,0.185634,17382.8,0.0,12.1291,47.0661,126.658,81.2658,44.5971,36.416,33.1789,30.789,29.2849,27.923,26.684,25.5522,24.1229,22.6773,20.3965,17.0107,13.3906,10.4223,6.2434,-1.0,-1.0,-1.0,-1.0,-1.0
7.704,0.1625,0.9999999999999998,0.0,5,256.108,-2.16155,-2.55827,236.299,233.332,230.43,230.43,-0.188688,305.01,0.170556,17422.4,0.0,12.3644,44.4753,127.199,100.651,48.4018,38.4563,34.6666,31.9194,30.212,28.6801,27.298,26.0449,24.4751,22.9017,20.448,16.8692,13.1239,10.1134,5.95921,-1.0,-1.0,-1.0,-1.0,-1.0
7.726,0.1625,0.9999999999999998,0.0,5,256.374,-4.08555,-2.66354,236.667,233.325,231.137,231.137,-0.234347,306.552,0.154372,17475.7,0.0,12.5532,42.005,127.706,108.778,54.3932,41.5694,36.9351,33.6574,31.6537,29.8774,28.2919,26.8681,25.1027,23.3534,20.6643,16.8255,12.9101,9.83543,5.68961,-1.0,-1.0,-1.0,-1.0,-1.0
7.748,0.1625,0.9999999999999998,0.0,5,256.63,-5.65129,-2.73972,236.828,233.449,231.546,231.546,-0.277636,308.098,0.138422,17506.1,0.0,12.7175,39.9279,127.995,111.819,63.2222,45.7933,39.9328,35.9166,33.5121,31.4116,29.5611,27.9184,25.9064,23.939,20.9651,16.8216,12.7144,9.56949,5.43192,-1.0,-1.0,-1.0,-1.0,-1.0
7.77,0.1625,0.9999999999999998,0.0,5,256.876,-6.72996,-2.77708,236.884,233.666,231.839,231.839,-0.318278,309.648,0.123553,17527.9,0.0,12.8702,38.292,92.2074,113.556,76.1507,51.2352,43.6329,38.6243,35.7004,33.1903,31.0123,29.1046,26.8,24.5801,21.2857,16.8146,12.5135,9.30444,5.18512,-1.0,-1.0,-1.0,-1.0,-1.0
7.792,0.1625,0.9999999999999998,0.0,5,257.128,-7.32817,-2.84991,236.877,233.952,232.051,232.051,-0.356129,311.203,0.110439,17543.6,0.0,13.0216,37.0908,82.3237,114.426,95.1153,57.8707,47.883,41.6064,38.0474,35.0519,32.4958,30.2894,27.6633,25.1736,21.5488,16.7588,12.2856,9.03056,4.94821,-1.0,-1.0,-1.0,-1.0,-1.0
7.814,0.1625,0.9999999999999998,0.0,5,257.393,-7.37568,-2.92196,236.854,234.318,232.207,232.207,-0.391154,312.762,0.0993993,17556.3,0.0,13.177,36.2702,76.0067,114.639,100.624,65.5412,52.4323,44.629,40.3439,36.8121,33.8513,31.3335,28.3818,25.6275,21.6921,16.6227,12.0186,8.7438,4.72104,-1.0,-1.0,-1.0,-1.0,-1.0
7.836,0.1625,0.9999999999999998,0.0,5,257.636,-7.28134,-3.09326,236.943,234.65,232.714,232.714,-0.423397,314.324,0.0891663,17593.6,0.0,13.3166,35.5734,71.1797,114.564,102.437,76.0065,58.1833,48.2839,43.0553,38.8511,35.3973,32.5098,29.181,26.1282,21.8534,16.4925,11.7599,8.46967,4.50903,-1.0,-1.0,-1.0,-1.0,-1.0
7.858,0.1625,0.9999999999999998,0.0,5,257.908,-7.13905,-3.19702,237.15,234.929,232.792,232.792,-0.452855,315.89,0.0789545,17599.3,0.0,13.4289,34.8715,66.9956,114.384,103.526,91.9577,66.6384,53.4126,46.7844,41.6225,37.489,34.1047,30.2815,26.847,22.1487,16.4329,11.5426,8.22508,4.31573,-1.0,-1.0,-1.0,-1.0,-1.0
7.88,0.1625,0.9999999999999998,0.0,5,258.178,-6.97278,-3.26783,237.393,235.195,232.892,232.892,-0.479503,317.459,0.0687833,17607.0,0.0,13.5148,34.1669,63.32,114.109,104.208,96.0731,79.866,60.868,52.0318,45.439,40.3317,36.2591,31.7716,27.839,22.6052,16.4543,11.3709,8.01211,4.1417,-1.0,-1.0,-1.0,-1.0,-1.0
7.902,0.1625,0.7499999999999998,0.0,5,258.461,-6.73821,-3.38894,237.575,235.492,232.989,232.989,-0.503401,319.032,0.059388,17614.4,0.0,13.5872,33.5487,60.3416,113.643,104.454,97.5968,91.6019,71.0741,58.8391,50.2012,43.7777,38.8142,33.5009,28.9734,23.126,16.5015,11.2183,7.81813,3.98433,-1.0,-1.0,-1.0,-1.0,-1.0
7.924,0.1625,0.5624999999999998,0.0,5,258.562,-6.32685,-3.54601,237.715,235.8,231.612,231.612,-0.524625,320.607,0.0508062,17511.2,0.0,13.6476,33.0088,57.9086,113.007,104.37,98.2721,93.7217,85.5331,67.8023,56.1639,47.9389,41.8179,35.4802,30.2469,23.7041,16.5715,11.0845,7.64339,3.84346,-1.0,-1.0,-1.0,-1.0,-1.0
7.946,0.1625,0.42187499999999983,0.0,5,258.432,-6.11444,-3.76293,237.804,235.848,230.348,230.348,-0.543221,322.184,0.0415328,17412.9,0.0,13.6742,32.372,55.4056,112.42,104.305,98.814,95.0348,90.5427,83.5565,66.0073,54.5536,46.4901,38.5234,32.2193,24.665,16.8165,11.0357,7.51805,3.72447,-1.0,-1.0,-1.0,-1.0,-1.0
7.968,0.1625,0.3164062499999999,0.0,5,258.129,-6.03508,-3.87376,237.766,235.651,229.138,229.138,-0.559115,323.76,0.0313013,17321.3,0.0,13.6638,31.6232,52.7924,111.91,104.297,99.3202,96.0664,92.58,89.3469,83.7686,66.1042,54.2792,43.4127,35.3347,26.2062,17.304,11.0951,7.45159,3.62923,-1.0,-1.0,-1.0,-1.0,-1.0
7.99,0.1625,0.23730468749999992,0.0,5,257.692,-6.1035,-3.97282,237.556,235.305,228.092,228.092,-0.57221,325.334,0.0204514,17242.1,0.0,13.6221,30.8111,50.2129,111.422,104.276,99.7291,96.8575,93.9354,91.4739,88.4458,83.877,67.7318,51.2313,40.0798,28.4744,18.0576,11.264,7.44336,3.5579,-1.0,-1.0,-1.0,-1.0,-1.0
8.01,0.1625,0.17797851562499994,0.0,5,257.218,-6.11163,-4.09109,237.176,234.961,228.21,226.171,-0.581727,326.764,0.0109478,17173.7,0.0,13.5708,30.1093,48.1278,110.892,104.11,99.8749,97.2556,94.6604,92.5587,90.1432,87.1936,82.8767,61.8027,46.0029,31.1087,18.9081,11.4801,7.47138,3.51094,-1.0,-1.0,-1.0,-1.0,-1.0
8.03,0.1625,0.13348388671874994,0.0,5,256.675,-6.24575,-4.28016,236.763,234.487,227.574,225.184,-0.588969,328.191,0.000877559,17112.3,0.0,13.4947,29.3585,46.0452,78.8054,103.954,99.999,97.5934,95.2552,93.4072,91.3577,89.018,86.1995,79.6139,55.4248,34.916,20.0927,11.8129,7.55577,3.48466,-1.0,-1.0,-1.0,-1.0,-1.0
8.05,0.04250000000000001,0.10011291503906246,0.0,5,256.071,-6.79007,-4.49434,236.423,233.809,227.039,224.086,-0.593976,329.615,-0.0110435,17050.3,0.0,13.3784,28.4647,43.7303,72.0045,103.969,100.296,98.0931,95.9844,94.3485,92.5756,90.625,88.4286,84.6513,74.7653,41.4763,21.9669,12.3601,7.73118,3.48392,-1.0,-1.0,-1.0,-1.0,-1.0
8.07,0.0,0.07508468627929685,0.35,5,255.459,-7.49497,-4.59615,236.136,233.536,226.243,223.345,-0.596782,331.036,-0.0223468,16992.3,0.0,13.2562,27.6408,41.7066,66.5246,103.819,100.376,98.3327,96.3973,94.9129,93.326,91.6139,89.7418,86.7384,82.2798,50.988,24.2755,13.0068,7.94885,3.50051,-1.0,-1.0,-1.0,-1.0,-1.0
8.09,0.0,0.056313514709472635,0.5774999999999999,5,254.331,-7.38331,-4.67187,228.732,226.815,222.717,220.807,-0.59766,332.453,-0.0288746,16760.0,0.0,13.1815,27.1765,40.6073,63.7051,103.035,99.72,97.7637,95.9201,94.5142,93.02,91.4212,89.6931,86.9823,83.2098,58.9838,25.912,13.4423,8.09715,3.51697,-1.0,-1.0,-1.0,-1.0,-1.0
8.11,0.0,0.04223513603210448,0.7253749999999999,5,252.521,-6.24062,-4.79347,220.712,219.158,219.339,218.472,-0.596944,333.861,-0.0304359,16542.5,0.0,13.1562,27.0523,40.33,63.0301,101.662,98.3907,96.4654,94.6544,93.2762,91.8144,90.2541,88.5734,85.9526,82.3587,61.4305,26.3986,13.5824,8.15232,3.52908,9.60215,9.59266,9.5861,9.58247,9.58176
8.13,0.0,0.031676352024078355,0.8214937499999999,4,250.233,-4.69231,-4.94453,213.499,212.001,215.788,215.566,-0.594972,335.257,-0.028928,16289.7,0.0,13.1587,27.1269,40.5301,63.5756,99.9456,96.6735,94.7487,92.9391,91.5621,90.1016,88.5426,86.8625,84.2405,80.6336,59.4555,26.1,13.5361,8.15264,3.54067,-1.0,-1.0,-1.0,-1.0,-1.0
8.15,0.0,0.023757264018058766,0.8839709374999999,4,247.651,-3.35584,-5.20104,207.276,205.733,212.993,213.294,-0.592185,336.64,-0.0266464,18013.1,0.0,13.1641,27.2444,40.8429,64.4302,98.1586,94.8756,92.945,91.13,89.7483,88.2823,86.7163,85.0264,82.3824,78.7178,56.7022,25.6538,13.461,8.14922,3.55645,-1.0,-1.0,-1.0,-1.0,-1.0
8.17,0.0,0.017817948013544076,0.9245811093749999,4,244.836,-2.21895,-5.29933,201.775,200.301,210.386,210.9,-0.588873,338.007,-0.0242175,17942.6,0.0,13.1671,27.3654,41.1738,65.3551,96.3741,93.0798,91.1431,89.3222,87.9353,86.4633,84.8893,83.1884,80.5189,76.7866,54.1196,25.2228,13.3943,8.15252,3.57617,-1.0,-1.0,-1.0,-1.0,-1.0
8.19,0.0,0.013363461010158057,0.95097772109375,4,241.837,-1.31674,-5.27487,196.778,195.501,206.295,207.337,-0.585232,339.358,-0.0219149,17386.6,0.0,13.1658,27.473,41.4808,66.24,94.6248,91.3228,89.3823,87.5576,86.1676,84.6916,83.112,81.403,78.7132,74.9211,51.976,24.8636,13.3489,8.16551,3.59916,-1.0,-1.0,-1.0,-1.0,-1.0
8.21,0.0,0.010022595757618543,0.9681355187109375,4,238.738,-0.655828,-5.28408,189.759,188.672,202.765,204.084,-0.58144,340.692,-0.019861,17106.0,0.0,13.1602,27.5607,41.7457,67.1797,92.9255,89.621,87.68,85.855,84.4646,82.988,81.4067,79.6945,76.994,73.161,50.2963,24.589,13.3268,8.18763,3.62429,-1.0,-1.0,-1.0,-1.0,-1.0
8.23,0.0,0.007516946818213907,0.9792880871621094,4,235.535,-0.183048,-5.23734,183.162,182.304,199.769,201.104,-0.577608,342.009,-0.0181158,16854.6,0.0,13.1504,27.6254,41.9583,96.9093,91.2834,87.9822,86.0445,84.2232,82.8358,81.3625,79.7843,78.075,75.3758,71.5289,49.0447,24.3994,13.3276,8.21809,3.65085,-1.0,-1.0,-1.0,-1.0,-1.0
8.25,0.0,0.005637710113660431,0.9865372566553711,4,232.364,0.128439,-5.30043,176.997,176.347,195.656,197.102,-0.573831,343.307,-0.016766,16510.7,0.0,13.136,27.6617,42.1033,95.3287,89.7084,86.4173,84.4875,82.6745,81.2943,79.8289,78.2598,76.5607,73.878,70.0533,48.2252,24.3034,13.3537,8.2572,3.67835,-1.0,-1.0,-1.0,-1.0,-1.0
8.27,0.0,0.0042282825852453226,0.9912492168259912,4,229.103,0.314223,-5.32033,170.85,170.382,192.639,194.09,-0.570129,344.588,-0.0157815,16260.5,0.0,13.1176,27.6716,42.1848,93.8023,88.1967,84.9218,83.0039,81.2036,79.834,78.3809,76.826,75.1439,72.4917,68.7224,47.7586,24.2886,13.4021,8.30383,3.70653,-1.0,-1.0,-1.0,-1.0,-1.0
8.29,0.0,0.003171211938933992,0.9943119909368943,4,225.817,0.403736,-5.27223,164.693,164.386,190.071,191.41,-0.566534,345.851,-0.0151135,16039.9,0.0,13.0961,27.6593,42.2112,92.3254,86.7422,83.4887,81.586,79.8018,78.4458,77.0084,75.4721,73.8126,71.202,67.5145,47.5706,24.3395,13.4683,8.35621,3.73496,-1.0,-1.0,-1.0,-1.0,-1.0
8.31,0.0,0.002378408954200494,0.9963027941089813,4,222.564,0.424328,-5.19338,158.15,157.98,187.483,188.684,-0.563048,347.095,-0.0147122,15816.0,0.0,13.072,27.6284,42.1914,90.8932,85.3386,82.1104,80.2256,78.4602,77.1202,75.7014,74.187,72.554,69.9936,66.4062,47.6043,24.4439,13.549,8.4131,3.76344,-1.0,-1.0,-1.0,-1.0,-1.0
8.33,0.0,0.0017838067156503705,0.9975968161708378,4,219.378,0.400215,-5.11595,150.772,150.713,184.793,185.887,-0.559675,348.321,-0.0145217,15584.7,0.0,13.0462,27.5834,42.1356,89.4995,83.9782,80.7783,78.9133,77.1688,75.8465,74.448,72.9579,71.3544,68.8496,65.3727,47.8065,24.5892,13.6404,8.47311,3.79174,-1.0,-1.0,-1.0,-1.0,-1.0
8.35,0.0,0.001337855036737778,0.9984379305110446,4,216.233,0.351985,-5.03575,142.982,143.016,182.015,183.041,-0.556408,349.53,-0.0144776,15347.8,0.0,13.0194,27.529,42.0555,88.1378,82.6529,79.4832,77.6392,75.9169,74.6131,73.2363,71.7716,70.1991,67.7525,64.3895,48.1229,24.7615,13.7385,8.53484,3.8197,-1.0,-1.0,-1.0,-1.0,-1.0
8.37,0.0,0.0010033912775533334,0.998984654832179,4,213.165,0.298539,-5.02458,134.863,134.963,178.638,179.708,-0.553223,350.722,-0.0145136,15064.8,0.0,12.9923,27.4699,41.9628,86.8013,81.3545,78.216,76.3936,74.6939,73.409,72.0542,70.6155,69.0743,66.6863,63.4349,48.4999,24.9476,13.8397,8.59706,3.84727,-1.0,-1.0,-1.0,-1.0,-1.0
8.39,0.0,0.000752543458165,0.9993400256409164,4,210.094,0.248619,-4.99192,126.391,126.538,175.798,176.886,-0.550119,351.897,-0.0145712,14827.7,0.0,12.9657,27.4106,41.8683,85.4842,80.076,76.9689,75.168,73.4909,72.225,70.8919,69.4788,67.9685,65.6375,62.4924,48.8878,25.1343,13.9399,8.6583,3.87422,-1.0,-1.0,-1.0,-1.0,-1.0
8.41,0.0,0.00056440759362375,0.9995710166665956,4,207.043,0.207282,-4.94271,117.674,117.851,173.1,174.187,-0.547099,353.055,-0.0146182,14600.8,0.0,12.9398,27.3537,41.7782,84.1834,78.8137,75.7377,73.9581,72.3032,71.0558,69.7441,68.356,66.8757,64.5995,61.554,49.2578,25.3141,14.0368,8.71768,3.90042,-1.0,-1.0,-1.0,-1.0,-1.0
8.43,0.0,0.00042330569521781253,0.9997211608332872,4,204.03,0.176598,-4.88946,108.568,108.778,170.399,171.482,-0.544147,354.196,-0.0146368,14373.2,0.0,12.9149,27.3001,41.6951,82.897,77.5656,74.5202,72.7614,71.1284,69.899,68.6081,67.2443,65.7929,63.5692,60.6167,49.5955,25.4834,14.1296,8.77499,3.92592,-1.0,-1.0,-1.0,-1.0,-1.0
8.45,0.0,0.0003174792714133594,0.9998187545416367,4,201.077,0.155998,-4.85038,98.7169,98.9472,167.674,168.769,-0.541257,355.32,-0.0146223,14144.4,0.0,12.8909,27.2501,41.6196,81.6246,76.331,73.3157,71.5775,69.9657,68.7541,67.4834,66.1432,64.7197,62.5462,59.6809,49.897,25.6416,14.2182,8.83025,3.95076,-1.0,-1.0,-1.0,-1.0,-1.0
8.47,0.0,0.00023810945356001956,0.9998821904520638,4,198.152,0.143961,-4.8086,88.6555,88.9037,164.941,166.058,-0.538419,356.428,-0.0145751,13915.3,0.0,12.8677,27.2035,41.5516,80.3661,75.11,72.1244,70.4063,68.8155,67.6211,66.3702,65.0528,63.6564,61.531,58.7477,50.1337,25.7889,14.3027,8.88358,3.975,-1.0,-1.0,-1.0,-1.0,-1.0
8.49,0.0,0.00017858209017001468,0.9999234237938415,4,195.279,0.138754,-4.80175,78.5206,78.7816,161.741,162.94,-0.53563,357.52,-0.0145023,13647.6,0.0,12.8453,27.1596,41.4895,79.1221,73.9032,70.947,69.2488,67.6786,66.5012,65.2696,63.9745,62.6043,60.5254,57.8197,49.9992,25.9273,14.3838,8.93528,3.99872,-1.0,-1.0,-1.0,-1.0,-1.0
8.51,0.0,0.000133936567627511,0.999950225465997,4,192.403,0.138248,-4.78768,68.3358,68.6062,158.801,160.086,-0.532923,358.596,-0.0144092,13405.8,0.0,12.8238,27.1187,41.4333,77.8923,72.7106,69.7835,68.1049,66.5549,65.3942,64.1816,62.9083,61.5637,59.5295,56.8976,49.6452,26.056,14.4609,8.98483,4.02165,-1.0,-1.0,-1.0,-1.0,-1.0
8.53,0.0,0.00010045242572063325,0.999967646552898,4,189.519,0.140206,-4.74632,58.1625,58.4422,156.157,157.498,-0.530241,359.656,-0.0143011,13186.2,0.0,12.8028,27.0794,41.3805,76.6782,71.5337,68.6356,66.9764,65.4465,64.3022,63.1082,61.8564,60.5367,58.5461,55.9848,49.1853,26.1794,14.5359,9.03343,4.04428,-1.0,-1.0,-1.0,-1.0,-1.0
8.55,0.0,7.533931929047494e-05,0.9999789702593838,4,186.642,0.1435,-4.68435,48.0161,48.3072,153.592,154.962,-0.527632,360.7,-0.0141829,12971.7,0.0,12.7824,27.0421,41.3314,75.4797,70.3724,67.5032,65.8633,64.3532,63.2251,62.0494,60.8186,59.5234,57.575,55.0813,48.6612,26.2962,14.608,9.08035,4.06626,-1.0,-1.0,-1.0,-1.0,-1.0
8.57,0.0,5.6504489467856206e-05,0.9999863306685994,4,183.798,0.146935,-4.62218,37.558,37.8748,151.025,152.408,-0.525071,361.728,-0.0140615,12756.1,0.0,12.7625,27.0059,41.2842,74.2977,69.2278,66.3874,64.7666,63.2762,62.1641,61.0066,59.7965,58.5252,56.618,54.1894,48.098,26.4092,14.6781,9.12621,4.08779,-1.0,-1.0,-1.0,-1.0,-1.0
8.59,0.0,4.237836710089216e-05,0.9999911149345896,4,180.992,0.14971,-4.5645,26.7195,27.0549,148.427,149.822,-0.522574,362.74,-0.0139427,12537.8,0.0,12.743,26.9706,41.2381,73.1322,68.1,65.2882,63.6866,62.2156,61.1195,59.9799,58.7901,57.5423,55.6754,53.3096,47.509,26.519,14.7465,9.17087,4.10878,-1.0,-1.0,-1.0,-1.0,-1.0
8.61,0.0,3.178377532566912e-05,0.9999942247074832,4,178.207,0.151298,-4.50447,15.7858,16.1395,145.784,147.201,-0.520131,363.737,-0.0138307,12316.2,0.0,12.724,26.9357,41.1923,71.9837,66.9893,64.2063,62.6236,61.1721,60.0918,58.9698,57.8002,56.5756,54.748,52.443,46.9037,26.6272,14.8135,9.21465,4.12933,-1.0,-1.0,-1.0,-1.0,-1.0
8.63,0.0,2.383783149425184e-05,0.9999962460598641,4,175.471,0.151774,-4.47662,4.82028,5.18799,142.648,144.146,-0.517725,364.719,-0.0137304,12053.6,0.0,12.7051,26.9005,41.1453,70.8526,65.8964,63.1421,61.5785,60.1462,59.0816,57.9772,56.8276,55.6257,53.8367,51.5905,46.2892,26.736,14.8803,9.25803,4.1496,-1.0,-1.0,-1.0,-1.0,-1.0
8.65,0.0,1.7878373620688882e-05,0.9999975599389117,4,172.739,0.151127,-4.44471,0.0,0.0,139.666,141.261,-0.515387,365.685,-0.0136411,11808.3,0.0,12.6866,26.8658,41.098,69.7381,64.8203,62.0948,60.5501,59.137,58.088,57.001,55.871,54.6915,52.9403,50.751,45.6677,26.8436,14.9457,9.30039,4.16934,-1.0,-1.0,-1.0,-1.0,-1.0
8.67,0.0,1.3408780215516662e-05,0.9999984139602927,4,170.01,0.148874,-4.39481,0.0,0.0,136.946,138.632,-0.513088,366.636,-0.0135626,11584.0,0.0,12.6683,26.8309,41.0767,68.6408,63.7617,61.065,59.5391,58.1452,57.1115,56.0417,54.9311,53.7737,52.0594,49.9253,45.0433,26.9516,15.0106,9.34228,4.18878,-1.0,-1.0,-1.0,-1.0,-1.0
8.69,0.0,1.0056585161637497e-05,0.9999989690741902,4,167.296,0.145491,-4.33195,0.0,0.0,134.329,136.092,-0.510842,367.572,-0.0134922,11367.2,0.0,12.6504,26.7963,41.2328,67.5601,62.7199,60.0519,58.5448,57.1698,56.1514,55.0986,54.0071,52.8714,51.1932,49.1125,44.4169,27.0584,15.0745,9.38337,4.20779,-1.0,-1.0,-1.0,-1.0,-1.0
8.71,0.0,7.542438871228123e-06,0.9999993298982236,4,164.606,0.141649,-4.26398,0.0,0.0,131.73,133.559,-0.508633,368.493,-0.0134268,11151.2,0.0,12.6327,26.762,41.7674,66.4958,61.6948,59.0554,57.5669,56.2107,55.2074,54.1714,53.0987,51.9843,50.3413,48.3123,43.7901,27.1643,15.1376,9.42387,4.22651,-1.0,-1.0,-1.0,-1.0,-1.0
8.73,0.0,5.656829153421092e-06,0.9999995644338453,4,161.97,0.137598,-4.20877,0.0,0.0,129.112,131.001,-0.506484,369.4,-0.0133654,10933.3,0.0,12.6155,26.7284,72.3307,65.4475,60.6856,58.0747,56.6047,55.2671,54.2788,53.2593,52.2051,51.1116,49.503,47.5239,43.1634,27.2678,15.1991,9.46332,4.24473,-1.0,-1.0,-1.0,-1.0,-1.0
8.75,0.0,4.242621865065819e-06,0.6499997168819995,4,159.364,0.133717,-4.15442,0.0,0.0,126.452,128.408,-0.504375,370.291,-0.0133061,10712.1,0.0,12.5985,26.6954,71.2678,64.4148,59.6921,57.1096,55.658,54.3389,53.3653,52.3622,51.3262,50.2532,48.6781,46.7473,42.5383,27.3695,15.2595,9.50206,4.26261,-1.0,-1.0,-1.0,-1.0,-1.0
8.77,0.0,3.1819663987993645e-06,0.4224998159732997,4,156.832,0.129387,-4.09864,0.0,0.0,128.381,130.223,-0.502308,371.169,-0.0132405,10885.1,0.0,12.582,26.6636,70.2191,63.3968,58.7133,56.159,54.7257,53.4248,52.4658,51.4788,50.4606,49.4076,47.8653,45.9812,41.9141,27.4671,15.3181,9.53978,4.2801,-1.0,-1.0,-1.0,-1.0,-1.0
8.79,0.0,2.3864747990995235e-06,0.2746248803826448,4,154.546,0.129182,-4.07382,7.10212,7.11417,130.983,132.158,-0.500288,372.033,-0.0131157,11073.7,0.0,12.5666,26.637,69.1796,62.388,57.7432,55.2167,53.8012,52.5181,51.5733,50.602,49.6013,48.5677,47.0569,45.2174,41.2823,27.5472,15.3706,9.57489,4.29693,-1.0,-1.0,-1.0,-1.0,-1.0
8.81,0.0,1.7898560993246426e-06,0.17850617224871912,4,152.584,0.13571,-4.03531,18.7244,18.7484,131.947,132.476,-0.498317,372.885,-0.0129159,11121.8,0.0,12.5526,26.6168,68.1464,61.3851,56.7785,54.2793,52.8813,51.6157,50.6848,49.7288,48.7449,47.7302,46.2498,44.453,40.641,27.6055,15.4158,9.60682,4.31298,-1.0,-1.0,-1.0,-1.0,-1.0
8.83,0.0,1.342392074493482e-06,0.11602901196166743,4,150.879,0.136488,-3.98803,32.7704,32.8121,131.451,131.812,-0.496388,373.728,-0.0127489,11071.5,0.0,12.5384,26.5949,67.1254,60.3955,55.8277,53.356,51.9756,50.7275,49.8105,48.8697,47.9027,46.9067,45.4564,43.7016,40.0079,27.6695,15.4621,9.63889,4.32883,-1.0,-1.0,-1.0,-1.0,-1.0
8.85,0.0,1.0067940558701114e-06,0.07541885777508384,4,149.338,0.127423,-3.94574,47.9642,48.03,130.579,130.889,-0.494502,374.561,-0.0126569,10996.0,0.0,12.5238,26.5682,66.1181,59.4213,54.8932,52.4493,51.0868,49.8564,48.9534,48.0279,47.0778,46.1005,44.6802,42.967,39.3882,27.7499,15.5128,9.67229,4.34463,-1.0,-1.0,-1.0,-1.0,-1.0
8.87,0.0,7.550955419025835e-07,0.049022257553804495,4,147.915,0.11232,-3.9101,63.6076,63.7008,129.612,129.893,-0.492635,375.386,-0.0126214,10913.7,0.0,12.5086,26.5376,65.1227,58.4602,53.9725,51.557,50.2125,48.9998,48.1109,47.2008,46.2676,45.3089,43.9184,42.2462,38.7784,27.8434,15.5673,9.70697,4.36052,-1.0,-1.0,-1.0,-1.0,-1.0
8.89,0.0,5.663216564269376e-07,0.031864467409972924,4,146.594,0.095475,-3.89402,79.1064,79.2323,128.612,128.876,-0.490825,376.204,-0.0126154,10829.1,0.0,12.4935,26.5059,64.1358,57.5087,53.0619,50.6748,49.3483,48.1534,47.2785,46.3837,45.4673,44.5271,43.166,41.5339,38.1729,27.9412,15.6224,9.74142,4.37605,-1.0,-1.0,-1.0,-1.0,-1.0
8.91,0.0,4.247412423202032e-07,0.0207119038164824,4,145.344,0.0801597,-3.89112,94.4535,94.6009,127.615,127.872,-0.489042,377.014,-0.0126134,10745.1,0.0,12.4785,26.4744,63.1555,56.5644,52.1588,49.8001,48.4917,47.3146,46.4536,45.574,44.6741,43.7522,42.42,40.8271,37.5685,28.0385,15.677,9.77548,4.39136,-1.0,-1.0,-1.0,-1.0,-1.0
8.93,0.0,3.185559317401524e-07,0.01346273748071356,4,144.14,0.0681851,-3.89501,109.709,109.87,126.618,126.874,-0.487282,377.818,-0.0125961,10661.3,0.0,12.464,26.4443,62.1801,55.6256,51.2614,48.9312,47.6407,46.4812,45.634,44.7694,43.886,42.9821,41.6782,40.1235,36.9629,28.1307,15.7296,9.80863,4.40641,-1.0,-1.0,-1.0,-1.0,-1.0
8.95,0.0,2.389169488051143e-07,0.008750779362463814,4,143.025,0.0601781,-3.90522,124.053,124.196,125.645,125.908,-0.485549,378.615,-0.0125482,10580.0,0.0,12.4501,26.4171,61.208,54.6906,50.3679,48.0661,46.7934,45.6514,44.8179,43.9682,43.101,42.2148,40.9387,39.4212,36.3545,28.1843,15.779,9.84036,4.42108,-1.0,-1.0,-1.0,-1.0,-1.0
8.97,0.0,1.7918771160383572e-07,0.005688006585601479,4,142.42,0.0577899,-3.93231,130.406,130.445,124.904,125.179,-0.483849,379.407,-0.01245,10520.4,0.0,12.437,26.3941,60.2359,53.756,49.4748,47.2013,45.9464,44.8218,44.0019,43.1669,42.3157,41.4468,40.198,38.7168,35.7401,28.1079,15.8233,9.86994,4.43525,-1.0,-1.0,-1.0,-1.0,-1.0
8.99,0.0,1.343907837028768e-07,0.003697204280640962,4,142.166,0.0593295,-3.94103,130.567,130.597,124.645,124.916,-0.482162,380.198,-0.0123221,10499.5,0.0,12.4244,26.3735,59.2618,52.8201,48.581,46.336,45.0989,43.9916,43.1853,42.365,41.5296,40.678,39.4561,38.0105,35.121,27.9425,15.8648,9.89836,4.44916,-1.0,-1.0,-1.0,-1.0,-1.0
9.01,0.0,1.0079308777715759e-07,0.002403182782416625,4,141.933,0.0609321,-3.94461,130.393,130.424,124.47,124.733,-0.480489,380.987,-0.0121887,10484.5,0.0,12.412,26.3535,58.2866,51.8842,47.6878,45.4715,44.2524,43.1626,42.3699,41.5642,40.7447,39.9103,38.7151,37.3046,34.4999,27.7177,15.9055,9.92633,4.46292,-1.0,-1.0,-1.0,-1.0,-1.0
9.03,0.0,7.55948158328682e-08,0.0015620688085708065,4,141.708,0.061684,-3.94408,130.218,130.249,124.299,124.556,-0.478839,381.775,-0.0120566,10469.8,0.0,12.3998,26.3449,57.3106,50.9487,46.7956,44.6084,43.4074,42.3351,41.556,40.765,39.9613,39.1441,37.9754,36.5996,33.8776,27.4485,15.9455,9.9539,4.4765,-1.0,-1.0,-1.0,-1.0,-1.0
9.05,0.0,5.669611187465115e-08,0.0010153447255710243,4,141.486,0.0615751,-3.94142,130.017,130.047,124.115,124.366,-0.477208,382.561,-0.0119284,10454.0,0.0,12.3876,26.407,56.3339,50.0136,45.9045,43.7467,42.564,41.5094,40.7439,39.9676,39.1797,38.3796,37.2372,35.8956,33.2543,27.1446,15.9851,9.98119,4.48992,-1.0,-1.0,-1.0,-1.0,-1.0
9.07,0.0,4.2522083905988365e-08,0.0006599740716211658,4,141.268,0.061003,-3.94751,129.833,129.862,123.931,124.18,-0.4756,383.346,-0.0118038,10438.4,0.0,12.3757,26.5728,55.3562,49.0788,45.0146,42.8865,41.722,40.6852,39.9335,39.1719,38.3998,37.6167,36.5004,35.1927,32.63,26.8122,16.0243,10.0081,4.50314,-1.0,-1.0,-1.0,-1.0,-1.0
9.09,0.0,3.189156292949127e-08,0.0004289831465537578,4,141.051,0.0603117,-3.96127,129.635,129.663,123.739,123.988,-0.474005,384.13,-0.0116818,10422.3,0.0,12.3638,26.8901,54.3778,48.1444,44.1257,42.0277,40.8818,39.8628,39.1248,38.378,37.6217,36.8555,35.7651,34.4909,32.005,26.4564,16.0633,10.0349,4.51628,-1.0,-1.0,-1.0,-1.0,-1.0
9.11,0.0,2.3918672197118455e-08,0.0002788390452599426,4,140.838,0.0598356,-3.97876,129.453,129.481,123.549,123.801,-0.47243,384.913,-0.0115602,10406.5,0.0,12.352,27.4623,53.3981,47.2102,43.2378,41.1701,40.0428,39.0417,38.3176,37.5854,36.8449,36.0956,35.031,33.7897,31.3789,26.0801,16.1016,10.0612,4.52924,8.84413,8.8383,8.83517,8.83473,8.83699
9.13,0.0,1.793900414783884e-08,0.0001812453794189627,4,140.627,0.0596328,-3.99049,129.257,129.286,123.36,123.612,-0.470871,385.695,-0.0114375,10390.6,0.0,12.3404,28.6423,52.4172,46.2758,42.3505,40.3135,39.205,38.2219,37.5117,36.7943,36.0695,35.337,34.298,33.0893,30.7518,25.6863,16.1393,10.0872,4.54206,-1.0,-1.0,-1.0,-1.0,-1.0
9.15,0.0,1.3454253110879131e-08,0.00011780949662232577,4,140.417,0.0600512,-4.02023,129.062,129.091,123.157,123.416,-0.469333,386.476,-0.0113128,10373.8,0.0,12.329,59.2197,51.4347,45.3413,41.4638,39.4578,38.3682,37.4032,36.7068,36.0042,35.2951,34.5794,33.5658,32.3892,30.1234,25.2769,16.1761,10.1127,4.55468,-1.0,-1.0,-1.0,-1.0,-1.0
9.17,0.0,1.009068983315935e-08,7.657617280451174e-05,4,140.206,0.0606415,-4.03507,128.867,128.897,122.979,123.237,-0.467809,387.255,-0.0111849,10358.8,0.0,12.3178,58.2154,50.4508,44.4066,40.5777,38.6031,37.5326,36.5858,35.9033,35.2154,34.5221,33.8231,32.8346,31.6898,29.4941,24.854,16.2123,10.1379,4.56716,-1.0,-1.0,-1.0,-1.0,-1.0
9.19,0.12,7.568017374869513e-09,4.9774512322932635e-05,4,139.996,0.0609857,-4.03566,128.673,128.703,122.803,123.057,-0.466307,388.033,-0.0110564,10343.8,0.0,12.3067,57.2078,49.4653,43.4717,39.6922,37.7493,36.6981,35.7695,35.101,34.4279,33.7502,33.0678,32.1043,30.991,28.8638,24.419,16.2476,10.1625,4.57944,-1.0,-1.0,-1.0,-1.0,-1.0
9.21,0.23703727272727274,5.6760130311521346e-09,3.235343300990622e-05,4,139.772,0.306477,-4.02788,128.665,128.207,123.058,122.423,-0.464597,388.81,-0.0131906,10327.8,0.0,12.2668,56.3341,48.6294,42.6972,38.9737,37.0658,36.0355,35.1267,34.4732,33.816,33.155,32.4902,31.5531,30.4726,28.4165,24.167,16.4746,10.2611,4.60417,-1.0,-1.0,-1.0,-1.0,-1.0
9.23,0.23778477272727272,4.2570097733641005e-09,2.1029731456439043e-05,4,139.519,0.253281,-4.01512,128.83,127.385,123.533,121.516,-0.462236,389.586,-0.0205114,10309.5,0.0,12.1606,55.7699,48.1334,42.2824,38.6258,36.7582,35.7514,34.8646,34.2278,33.588,32.9453,32.2996,31.3908,30.3451,28.3632,24.309,17.1734,10.5407,4.65963,-1.0,-1.0,-1.0,-1.0,-1.0
9.25,0.23855886363636364,3.1927573300230754e-09,1.366932544668538e-05,4,139.257,-0.25637,-4.00456,129.148,126.631,123.809,120.749,-0.458934,390.36,-0.0324048,10288.7,0.0,11.9971,55.4744,47.9286,42.1714,38.5875,36.7623,35.7801,34.9158,34.2958,33.6737,33.0494,32.4229,31.5421,30.5305,28.62,24.7446,18.1211,11.0136,4.74741,-1.0,-1.0,-1.0,-1.0,-1.0
9.27,0.2393477272727273,2.3945679975173064e-09,8.885061540345496e-06,4,138.99,-1.00947,-4.00292,129.271,126.048,123.864,120.174,-0.454545,391.132,-0.0469946,10266.8,0.0,11.8009,55.331,47.885,42.2249,38.7137,36.9298,35.9714,35.1288,34.5249,33.9194,33.3123,32.7038,31.8492,30.8691,29.0228,25.3031,19.0692,11.6554,4.86212,-1.0,-1.0,-1.0,-1.0,-1.0
9.29,0.24016909090909092,1.7959259981379798e-09,5.775290001224572e-06,4,138.712,-1.85029,-4.00091,129.213,125.575,123.78,119.714,-0.448959,391.903,-0.0631206,10243.8,0.0,11.587,55.2679,47.9239,42.3596,38.918,37.1731,36.2369,35.4148,34.8259,34.2358,33.6445,33.0522,32.2214,31.2699,29.4808,25.8951,19.9639,12.4633,5.00116,-1.0,-1.0,-1.0,-1.0,-1.0
9.31,0.24103181818181818,1.346944498603485e-09,3.753938500795972e-06,4,138.42,-2.70088,-3.99584,129.033,125.161,123.607,119.318,-0.442038,392.672,-0.0801074,10219.8,0.0,11.3632,55.2451,48.0014,42.5294,39.1537,37.4454,36.5297,35.7263,35.1513,34.5754,33.9986,33.4212,32.6117,31.6857,29.9479,26.4778,20.7907,13.4523,5.16428,-1.0,-1.0,-1.0,-1.0,-1.0
9.33,0.24193886363636363,1.0102083739526136e-09,2.440060025517382e-06,4,138.113,-3.53966,-4.00064,128.783,124.776,123.371,118.94,-0.433712,393.438,-0.0975899,10193.9,0.0,11.1336,55.241,48.0945,42.7102,39.3965,37.7225,36.8259,36.0396,35.4772,34.9143,34.3509,33.787,32.9971,32.094,30.4018,27.0328,21.5482,14.5359,5.35206,-1.0,-1.0,-1.0,-1.0,-1.0
9.35,0.24289022727272724,7.576562804644603e-10,1.5860390165862982e-06,4,137.791,-4.36223,-4.00875,128.498,124.396,123.114,118.576,-0.423928,394.203,-0.115444,10167.8,0.0,10.8995,23.7822,48.1956,42.8948,39.6394,37.9971,37.1184,36.3481,35.7973,35.2462,34.6949,34.1434,33.3714,32.4893,30.8379,27.5588,22.2456,15.4954,5.56636,-1.0,-1.0,-1.0,-1.0,-1.0
9.37,0.24388295454545453,5.682422103483452e-10,0.3500010309253607,4,137.455,-5.13927,-4.00741,128.176,124.022,122.826,118.233,-0.412636,394.965,-0.133459,10141.2,0.0,10.6626,21.9151,48.2924,43.0708,39.8703,38.2574,37.3952,36.6399,36.0999,35.5598,35.0196,34.4795,33.7237,32.8609,31.2468,28.0479,22.8836,16.347,5.80849,-1.0,-1.0,-1.0,-1.0,-1.0
9.39,0.24611068181818185,4.261816577612589e-10,0.5775006701014844,4,136.701,-5.92152,-3.99793,119.803,115.407,119.472,114.803,-0.399829,395.723,-0.151334,9849.22,0.0,10.4254,20.6039,48.3693,43.2224,40.0731,38.488,37.641,36.8993,36.3695,35.8397,35.3099,34.7803,34.0394,33.194,31.6143,28.4878,23.4556,17.1012,6.07846,-1.0,-1.0,-1.0,-1.0,-1.0
9.41,0.25010227272727276,3.196362433209442e-10,0.37537543556596487,4,135.35,-6.76963,-3.97908,109.683,104.849,115.683,110.961,-0.385715,396.475,-0.168277,9524.32,0.0,10.1947,19.6057,48.3856,43.3073,40.2053,38.646,37.8132,37.0842,36.5636,36.0431,35.523,35.0032,34.2763,33.447,31.8986,28.8389,23.9266,17.7369,6.36905,-1.0,-1.0,-1.0,-1.0,-1.0
9.43,0.2546463636363636,2.3972718249070815e-10,0.24399403311787718,4,133.812,-7.48428,-3.94539,109.009,103.829,115.257,110.709,-0.370546,397.217,-0.18375,9503.61,0.0,9.97482,18.8428,48.3153,43.299,40.2406,38.705,37.8854,37.1682,36.6562,36.1444,35.6331,35.1224,34.4085,33.5944,32.0751,29.0779,24.2777,18.2428,6.67263,-1.0,-1.0,-1.0,-1.0,-1.0
9.45,0.25873250000000003,1.797953868680311e-10,0.15859612152662017,4,132.429,-7.94096,-3.90432,111.854,106.824,115.278,111.023,-0.354292,397.951,-0.198482,9519.37,0.0,9.75887,18.195,48.2027,43.244,40.2263,38.7126,37.9054,37.1994,36.6954,36.1918,35.6888,35.1865,34.4846,33.6847,32.193,29.2539,24.5579,18.6663,6.99581,-1.0,-1.0,-1.0,-1.0,-1.0
9.47,0.2620918181818182,1.3484654015102333e-10,0.10308747899230311,4,131.292,-8.24448,-3.85012,114.979,110.356,115.264,111.128,-0.336779,398.677,-0.213609,9523.43,0.0,9.53781,17.5602,48.112,43.2087,40.2297,38.7369,37.9411,37.2455,36.7492,36.2533,35.7581,35.2637,34.573,33.7862,32.32,29.4343,24.8327,19.0679,7.35364,-1.0,-1.0,-1.0,-1.0,-1.0
9.49,0.26471545454545453,1.011349051132675e-10,0.06700686134499703,4,130.404,-8.5521,-3.78765,116.988,112.65,115.22,110.956,-0.31785,399.396,-0.229917,9514.46,0.0,9.30634,16.8903,48.0851,43.2361,40.2941,38.8212,38.0362,37.3503,36.8611,36.3725,35.8846,35.3975,34.7172,33.9425,32.4996,29.6621,25.1436,19.4862,7.76123,-1.0,-1.0,-1.0,-1.0,-1.0
9.51,0.26681318181818187,7.585117883495063e-11,0.043554459874248073,4,129.694,-8.94444,-3.72629,118.0,113.693,115.12,110.628,-0.29739,400.11,-0.247433,9496.51,0.0,9.0647,16.1964,48.1208,43.3249,40.4183,38.9644,38.1898,37.5129,37.0302,36.5483,36.0672,35.587,34.9164,34.1529,32.731,29.9373,25.4919,19.9243,8.20127,-1.0,-1.0,-1.0,-1.0,-1.0
9.53,0.2685918181818181,5.688838412621297e-11,0.02831039891826125,4,129.092,-9.43635,-3.68384,118.424,114.037,114.937,110.241,-0.275348,400.818,-0.265822,9472.63,0.0,8.81547,15.5069,48.1988,43.4542,40.5818,39.1455,38.3807,37.7125,37.236,36.7603,36.2854,35.8115,35.15,34.3968,32.9946,30.2407,25.8604,20.3701,8.63334,-1.0,-1.0,-1.0,-1.0,-1.0
9.55,0.2701843181818182,4.266628809465973e-11,0.01840175929686981,4,128.553,-9.97604,-3.65668,118.534,114.09,114.7,109.878,-0.251731,401.521,-0.284577,9447.51,0.0,8.56188,14.8484,48.2902,43.5952,40.7551,39.3356,38.58,37.92,37.4494,36.9796,36.5106,36.0426,35.3894,34.646,33.2622,30.545,26.2246,20.804,9.05195,-1.0,-1.0,-1.0,-1.0,-1.0
9.57,0.27165272727272727,3.1999716070994796e-11,0.011961143542965378,4,128.056,-10.492,-3.64069,118.429,114.006,114.38,109.558,-0.226531,402.22,-0.303128,9420.59,0.0,8.3066,14.2402,48.3645,43.7167,40.9075,39.5041,38.7572,38.1048,37.6399,37.1757,36.7124,36.2501,35.6049,34.8705,33.5042,30.8219,26.5584,21.2047,9.45051,-1.0,-1.0,-1.0,-1.0,-1.0
9.59,0.2730354545454546,2.3999787053246095e-11,0.007774743302927496,4,127.588,-10.9276,-3.63328,118.166,113.848,113.987,109.275,-0.199768,402.914,-0.321036,9392.2,0.0,8.05432,13.6904,48.399,43.7959,41.016,39.6282,38.8896,38.2447,37.785,37.3262,36.8684,36.4117,35.7742,35.0487,33.699,31.051,26.8432,21.5567,9.82345,-1.0,-1.0,-1.0,-1.0,-1.0
9.61,0.27435022727272723,1.7999840289934573e-11,0.005053583146902872,4,127.143,-11.2496,-3.63085,117.815,113.664,113.552,109.025,-0.171429,403.604,-0.338059,9363.39,0.0,7.81062,13.1971,48.3827,43.8217,41.07,39.697,38.9666,38.3289,37.8743,37.4207,36.9682,36.5168,35.8869,35.1702,33.837,31.2227,27.0707,21.8535,10.1682,-1.0,-1.0,-1.0,-1.0,-1.0
9.63,0.2756088636363636,1.349988021745093e-11,0.0032848290454868673,4,126.717,-11.4485,-3.63002,117.424,113.471,113.106,108.793,-0.141551,404.289,-0.354153,9334.89,0.0,7.57561,12.7538,48.3145,43.7932,41.0686,39.7099,38.9874,38.3568,37.9073,37.4588,37.0114,36.5652,35.9426,35.2346,33.9178,31.3367,27.2409,22.0956,10.4841,-1.0,-1.0,-1.0,-1.0,-1.0
9.65,0.27682613636363634,1.0124910163088197e-11,0.002135138879566464,4,126.305,-11.5339,-3.62418,117.009,113.254,112.669,108.557,-0.11014,404.969,-0.369466,9306.64,0.0,7.34836,12.3496,48.2032,43.7198,41.0214,39.6765,38.9616,38.3379,37.8934,37.45,37.0076,36.5665,35.9511,35.2514,33.9508,31.4027,27.3632,22.2914,10.7737,-1.0,-1.0,-1.0,-1.0,-1.0
9.67,0.27800795454545457,7.593682622316147e-12,0.0013878402717182015,4,125.905,-11.545,-3.62487,116.589,113.01,112.249,108.31,-0.0771999,405.644,-0.384161,9278.63,0.0,7.12803,11.9755,48.0581,43.6112,40.9379,39.6067,38.8992,38.2821,37.8425,37.404,36.9667,36.5306,35.9224,35.2308,33.9461,31.4307,27.447,22.4493,11.0401,-1.0,-1.0,-1.0,-1.0,-1.0
9.69,0.2791572727272727,5.69526196673711e-12,0.000902096176616831,4,125.516,-11.4831,-3.62764,116.179,112.759,111.845,108.069,-0.042834,406.312,-0.392811,9251.54,0.0,6.9144,11.6279,47.8818,43.4698,40.8211,39.5032,38.803,38.1924,37.7575,37.3238,36.8914,36.4603,35.8591,35.1758,33.9065,31.4237,27.4956,22.5724,11.2845,-1.0,-1.0,-1.0,-1.0,-1.0
9.71,0.2802770454545454,4.271446475052832e-12,0.0005863625148009402,4,125.137,-11.3543,-3.63068,115.76,112.484,111.449,107.823,-0.00862821,406.977,-0.386056,9224.58,0.0,6.70717,11.3033,47.6778,43.2996,40.6748,39.3699,38.677,38.0728,37.6425,37.2136,36.7859,36.3597,35.7655,35.0902,33.8363,31.3856,27.513,22.6646,11.5085,-1.0,-1.0,-1.0,-1.0,-1.0
9.73,0.28137318181818183,3.203584856289624e-12,0.0003811356346206111,4,124.766,-11.1444,-3.62065,115.344,112.202,111.072,107.584,0.0248032,407.646,-0.378662,9198.7,0.0,6.50625,11.0006,47.4462,43.1007,40.4994,39.2073,38.5215,37.9236,37.498,37.0737,36.6507,36.2293,35.642,34.9747,33.7361,31.3173,27.5,22.727,11.7125,-1.0,-1.0,-1.0,-1.0,-1.0
9.75,0.28243386363636364,2.402688642217218e-12,0.0002477381625033972,4,124.407,-10.8931,-3.62944,114.968,111.951,110.706,107.339,0.0574659,408.317,-0.370681,9172.95,0.0,6.31126,10.717,47.1901,42.8764,40.2982,39.0186,38.3399,37.7483,37.3273,36.9076,36.4893,36.0726,35.492,34.8327,33.6094,31.2222,27.4601,22.7628,11.8978,-1.0,-1.0,-1.0,-1.0,-1.0
9.77,0.2834738636363636,1.8020164816629136e-12,0.00016102980562720818,4,124.055,-10.6363,-3.65502,114.611,111.68,110.362,107.076,0.089318,408.992,-0.362379,9147.42,0.0,6.1215,10.4456,46.9228,42.6402,40.0847,38.8174,38.1455,37.5601,37.1436,36.7285,36.3149,35.9029,35.3289,34.6772,33.469,31.1129,27.405,22.7822,12.0688,-1.0,-1.0,-1.0,-1.0,-1.0
9.79,0.28449613636363635,1.3515123612471852e-12,0.00010466937365768533,4,123.709,-10.3794,-3.69338,114.273,111.403,110.036,106.812,0.120351,409.67,-0.353818,9122.62,0.0,5.93678,10.1845,46.6475,42.3954,39.8621,38.6069,37.9417,37.3624,36.9504,36.5397,36.1307,35.7232,35.1558,34.5117,33.3182,30.9927,27.338,22.7881,12.2268,-1.0,-1.0,-1.0,-1.0,-1.0
9.81,0.28550068181818183,1.0136342709353888e-12,6.803509287749547e-05,4,123.369,-10.1151,-3.73712,113.946,111.122,109.722,106.551,0.150529,410.351,-0.345114,9098.47,0.0,5.75729,9.93381,46.3651,42.1429,39.6313,38.3881,37.7294,37.156,36.7483,36.3421,35.9375,35.5346,34.9736,34.337,33.1578,30.8625,27.2599,22.7815,12.3725,-1.0,-1.0,-1.0,-1.0,-1.0
9.83,0.2864875,7.602257032015416e-13,4.4222810370372055e-05,4,123.035,-9.83971,-3.78153,113.625,110.84,109.419,106.293,0.179899,411.036,-0.336343,9074.91,0.0,5.58276,9.69235,46.0767,41.8838,39.3936,38.1621,37.51,36.9424,36.5389,36.137,35.7368,35.3384,34.7838,34.1545,32.9894,30.7236,27.1722,22.7639,12.5068,-1.0,-1.0,-1.0,-1.0,-1.0
9.85,0.28745954545454544,5.701692774011562e-13,2.8744826740741836e-05,4,122.706,-9.55351,-3.82492,113.317,110.563,109.123,106.039,0.208419,411.723,-0.327371,9051.79,0.0,5.41339,9.4605,45.7829,41.6189,39.1496,37.9297,37.284,36.7222,36.3228,35.9251,35.5292,35.1352,34.5868,33.9648,32.8136,30.5768,27.0754,22.736,12.6299,-1.0,-1.0,-1.0,-1.0,-1.0
9.87,0.2884168181818182,4.276269580508672e-13,1.8684137381482193e-05,4,122.382,-9.27957,-3.87824,113.022,110.284,108.841,105.763,0.236084,412.413,-0.3183,9028.32,0.0,5.24881,9.23598,45.4886,41.3528,38.9042,37.6956,37.0562,36.5,36.1047,35.7111,35.3194,34.9297,34.3874,33.7725,32.6349,30.4263,26.9737,22.7012,12.7436,-1.0,-1.0,-1.0,-1.0,-1.0
9.89,0.2893622727272727,3.207202185381504e-13,1.2144689297963425e-05,4,122.062,-9.01913,-3.93531,112.74,110.007,108.569,105.497,0.262882,413.106,-0.309169,9005.71,0.0,5.089,9.01823,45.1955,41.0874,38.659,37.4614,36.8282,36.2775,35.8862,35.4967,35.1091,34.7235,34.187,33.5791,32.4548,30.2736,26.8686,22.6609,12.8489,-1.0,-1.0,-1.0,-1.0,-1.0
9.91,0.2902929545454545,2.405401639036128e-13,7.894048043676226e-06,4,121.747,-8.75731,-3.9926,112.457,109.735,108.295,105.245,0.288809,413.801,-0.299893,8983.6,0.0,4.93427,8.80921,44.8996,40.8185,38.4101,37.2233,36.5961,36.0508,35.6635,35.278,34.8944,34.5128,33.9822,33.381,32.2698,30.1155,26.757,22.6127,12.9449,-1.0,-1.0,-1.0,-1.0,-1.0
9.93,0.2912118181818181,1.804051229277096e-13,5.131131228389547e-06,4,121.436,-8.48871,-4.04608,112.176,109.467,108.024,104.998,0.313868,414.5,-0.290659,8961.82,0.0,4.78464,8.60873,44.6013,40.5469,38.158,36.9818,36.3605,35.8206,35.4372,35.0556,34.676,34.2985,33.7735,33.1789,32.0805,29.9527,26.6397,22.5575,13.0322,-1.0,-1.0,-1.0,-1.0,-1.0
9.95,0.2921188636363636,1.353038421957822e-13,3.3352352984532056e-06,4,121.129,-8.21665,-4.09354,111.902,109.199,107.761,104.75,0.338071,415.2,-0.281434,8940.31,0.0,4.64001,8.41583,44.3033,40.275,37.9053,36.7395,36.124,35.5893,35.2096,34.8319,34.4562,34.0826,33.5633,32.9752,31.8891,29.7873,26.5188,22.497,13.1117,-1.0,-1.0,-1.0,-1.0,-1.0
9.97,0.2930170454545455,1.0147788164683664e-13,2.1679029439945838e-06,4,120.825,-7.9618,-4.14413,111.641,108.928,107.506,104.486,0.361417,415.903,-0.272245,8918.44,0.0,4.50004,8.2284,44.0102,40.0076,37.6565,36.501,35.8911,35.3613,34.9854,34.6114,34.2395,33.8698,33.3559,32.7741,31.7001,29.6234,26.398,22.4346,13.185,-1.0,-1.0,-1.0,-1.0,-1.0
9.99,0.2939093181818182,7.610841123512748e-14,1.4091369135964795e-06,4,120.523,-7.74869,-4.20081,111.402,108.648,107.274,104.199,0.383901,416.608,-0.263252,8896.66,0.0,4.36425,8.04338,43.7293,39.7516,37.4185,36.2729,35.6684,35.1435,34.7711,34.4007,34.0325,33.6665,33.1578,32.5821,31.5197,29.4671,26.2827,22.3748,13.2543,-1.0,-1.0,-1.0,-1.0,-1.0
10.01,0.29479272727272726,5.70813084263456e-14,9.159389938377116e-07,4,120.224,-7.56449,-4.25979,111.165,108.372,107.04,103.929,0.405517,417.315,-0.254361,8875.46,0.0,4.23302,7.86329,43.4559,39.5024,37.1868,36.0507,35.4516,34.9314,34.5623,34.1954,33.8307,33.4683,32.9647,32.3949,31.3437,29.3143,26.1693,22.3148,13.3186,-1.0,-1.0,-1.0,-1.0,-1.0
10.03,0.2956702272727273,4.2810981319759204e-14,5.953603459945126e-07,4,119.927,-7.38908,-4.31346,110.92,108.098,106.801,103.669,0.426249,418.025,-0.245534,8854.46,0.0,4.10672,7.69002,43.1871,39.2571,36.9585,35.8318,35.2378,34.7222,34.3564,33.9929,33.6315,33.2725,32.7739,32.2098,31.1696,29.1624,26.0556,22.2525,13.3772,-1.0,-1.0,-1.0,-1.0,-1.0
10.05,0.29653886363636367,3.2108235989819406e-14,3.869842248964332e-07,4,119.633,-7.22192,-4.36008,110.674,107.824,106.563,103.409,0.446097,418.736,-0.237014,8833.56,0.0,3.98544,7.52353,42.9237,39.0165,36.7344,35.6166,35.0276,34.5165,34.154,33.7937,33.4357,33.08,32.586,32.0275,30.9978,29.0123,25.9423,22.1887,13.4304,-1.0,-1.0,-1.0,-1.0,-1.0
10.07,0.2974075,2.4081176992364555e-14,2.515397461826816e-07,4,119.339,-7.06823,-4.40137,110.433,107.547,106.328,103.147,0.465104,419.449,-0.228614,8812.58,0.0,3.86892,7.36253,42.6678,38.7826,36.5166,35.4074,34.8232,34.3164,33.957,33.5999,33.245,32.8925,32.4031,31.8498,30.8304,28.8656,25.8311,22.125,13.4791,-1.0,-1.0,-1.0,-1.0,-1.0
10.09,0.2982702272727273,1.8060882744273417e-14,1.6350083501874303e-07,4,119.047,-6.95762,-4.45114,110.207,107.266,106.104,102.856,0.483266,420.163,-0.220466,8790.93,0.0,3.75678,7.20465,42.4252,38.561,36.3103,35.2093,34.6297,34.127,33.7706,33.4165,33.0647,32.7153,32.2302,31.6819,30.672,28.7271,25.726,22.0648,13.525,-1.0,-1.0,-1.0,-1.0,-1.0
10.11,0.29913000000000006,1.3545662058205062e-14,1.0627554276218297e-07,4,118.756,-6.89288,-4.50569,109.989,106.981,105.891,102.568,0.500581,420.879,-0.212598,8769.86,0.0,3.64896,7.0499,42.1967,38.3526,36.1163,35.0232,34.4478,33.949,33.5954,33.2442,32.8952,32.5487,32.0678,31.5242,30.5234,28.5972,25.6277,22.0086,13.5686,3.10139,3.08673,3.07326,3.06094,3.04975
10.13,0.2999868181818182,1.0159246543653796e-14,6.907910279541893e-08,4,118.466,-6.84146,-4.55506,109.755,106.699,105.664,102.3,0.517048,421.596,-0.204855,8749.05,0.0,3.546,6.90194,41.975,38.1502,35.9278,34.8422,34.271,33.7758,33.4249,33.0764,32.7302,32.3866,31.9096,31.3706,30.3784,28.4702,25.5308,21.952,13.608,-1.0,-1.0,-1.0,-1.0,-1.0
10.15,0.30084363636363637,7.619434907740348e-15,4.4901416817022305e-08,4,118.176,-6.79438,-4.59626,109.512,106.418,105.433,102.038,0.532681,422.314,-0.197358,8728.26,0.0,3.44796,6.7615,41.7591,37.9527,35.7436,34.6653,34.098,33.6064,33.2581,32.9121,32.5686,32.2276,31.7545,31.2199,30.2361,28.345,25.4345,21.8943,13.6432,-1.0,-1.0,-1.0,-1.0,-1.0
10.17,0.30169749999999995,5.714576180805261e-15,2.91859209310645e-08,4,117.887,-6.75029,-4.62819,109.266,106.137,105.2,101.776,0.54749,423.033,-0.190092,8707.47,0.0,3.35497,6.62896,41.5491,37.7603,35.5639,34.4925,33.9291,33.4409,33.095,32.7516,32.4106,32.0721,31.6026,31.0723,30.0965,28.2218,25.3391,21.8359,13.6742,-1.0,-1.0,-1.0,-1.0,-1.0
10.19,0.3025543181818182,4.285932135603946e-15,1.8970848605191928e-08,4,117.597,-6.72335,-4.66076,109.023,105.854,104.966,101.506,0.561495,423.752,-0.182995,8686.17,0.0,3.26685,6.50305,41.3472,37.5751,35.3908,34.3261,33.7663,33.2814,32.9378,32.5967,32.2581,31.9221,31.456,30.9297,29.9616,28.1024,25.2461,21.7782,13.7018,-1.0,-1.0,-1.0,-1.0,-1.0
10.21,0.30341113636363637,3.214449101702959e-15,1.2331051593374753e-08,4,117.307,-6.73935,-4.70132,108.794,105.563,104.748,101.212,0.574726,424.473,-0.176199,8664.71,0.0,3.18297,6.38096,41.1591,37.4026,35.2297,34.171,33.6147,33.1328,32.7915,32.4526,32.1163,31.7825,31.3196,30.797,29.8361,27.9915,25.1598,21.7247,13.7278,-1.0,-1.0,-1.0,-1.0,-1.0
10.23,0.3042679545454546,2.4108368262772196e-15,8.01518353569359e-09,4,117.017,-6.77158,-4.73883,108.557,105.278,104.522,100.939,0.587148,425.194,-0.169567,8643.72,0.0,3.10399,6.26655,40.9785,37.2366,35.0745,34.0215,33.4684,32.9894,32.6502,32.3135,31.9793,31.6476,31.1878,30.6687,29.7145,27.8838,25.0754,21.6715,13.7505,-1.0,-1.0,-1.0,-1.0,-1.0
10.25,0.30512477272727273,1.808127619707915e-15,5.209869298200834e-09,4,116.727,-6.80225,-4.76838,108.306,104.994,104.287,100.676,0.59876,425.915,-0.163049,8622.74,0.0,3.03016,6.16161,40.8021,37.0741,34.9221,33.8747,33.3246,32.8483,32.5111,32.1764,31.8442,31.5147,31.0577,30.542,29.5942,27.7767,24.9907,21.6166,13.7692,-1.0,-1.0,-1.0,-1.0,-1.0
10.27,0.3059845454545454,1.3560957147809362e-15,3.386415043830542e-09,4,116.436,-6.82828,-4.78883,108.049,104.71,104.048,100.416,0.609643,426.636,-0.156864,8601.74,0.0,2.96107,6.06534,40.63,36.9151,34.7727,33.7306,33.1833,32.7097,32.3743,32.0415,31.7114,31.3838,30.9296,30.4171,29.4754,27.6707,24.9059,21.5604,13.7843,-1.0,-1.0,-1.0,-1.0,-1.0
10.29,0.30684431818181823,1.017071786085702e-15,2.2011697784898524e-09,4,116.145,-6.85074,-4.80148,107.79,104.426,103.807,100.155,0.619798,427.357,-0.15078,8580.62,0.0,2.89684,5.97823,40.4622,36.7596,34.6263,33.5892,33.0448,32.5735,32.24,31.909,31.5806,31.2549,30.8035,30.2941,29.3583,27.5655,24.8212,21.5032,13.7958,-1.0,-1.0,-1.0,-1.0,-1.0
10.31,0.3077070454545455,7.628038395642765e-16,1.430760356018404e-09,4,115.853,-6.89394,-4.82068,107.537,104.138,103.569,99.8766,0.629242,428.079,-0.144877,8558.89,0.0,2.83722,5.89855,40.3021,36.6109,34.4861,33.4537,32.9119,32.443,32.1111,31.7818,31.4551,31.1312,30.6822,30.1757,29.2455,27.464,24.739,21.447,13.8048,-1.0,-1.0,-1.0,-1.0,-1.0
10.33,0.3085727272727272,5.721028796732074e-16,9.299942314119627e-10,4,115.56,-6.95611,-4.84093,107.288,103.849,103.336,99.6011,0.63798,428.8,-0.139162,8537.54,0.0,2.78205,5.82631,40.1498,36.4691,34.3521,33.3241,32.7847,32.318,31.9877,31.66,31.335,31.0126,30.5659,30.0622,29.1372,27.3663,24.6594,21.3918,13.8114,-1.0,-1.0,-1.0,-1.0,-1.0
10.35,0.30943840909090914,4.2907715975490553e-16,6.044962504177758e-10,4,115.267,-7.01384,-4.85437,107.027,103.563,103.095,99.3374,0.646009,429.52,-0.133535,8516.27,0.0,2.73164,5.76386,40.0027,36.3298,34.2204,33.1964,32.6594,32.1947,31.8659,31.5398,31.2162,30.8954,30.451,29.9497,29.0297,27.2689,24.5794,21.3351,13.8147,-1.0,-1.0,-1.0,-1.0,-1.0
10.37,0.31030704545454546,3.2180786981617912e-16,3.929225627715543e-10,4,114.973,-7.06399,-4.86061,106.763,103.279,102.848,99.0777,0.653367,430.24,-0.128132,8494.97,0.0,2.68584,5.71135,39.8707,36.1926,34.0902,33.0701,32.5352,32.0725,31.7452,31.4204,31.0984,30.7791,30.3367,29.8378,28.9224,27.1715,24.4986,21.2768,13.8146,-1.0,-1.0,-1.0,-1.0,-1.0
10.39,0.31117568181818184,2.413559023621343e-16,2.5539966580151033e-10,4,114.679,-7.10448,-4.85926,106.493,102.996,102.6,98.8194,0.660077,430.959,-0.122895,8473.64,0.0,2.6447,5.66927,39.7556,36.057,33.9613,32.9448,32.4119,31.951,31.625,31.3017,30.9811,30.6632,30.2228,29.7263,28.8153,27.0737,24.4167,21.2166,13.8113,-1.0,-1.0,-1.0,-1.0,-1.0
10.41,0.3120472727272728,1.8101692677160074e-16,1.6600978277098172e-10,4,114.384,-7.1428,-4.8566,106.224,102.713,102.349,98.5581,0.666172,431.677,-0.117737,8452.05,0.0,2.608,5.63713,39.6589,35.9237,33.8341,32.8211,32.2901,31.831,31.5062,31.1842,30.8649,30.5484,30.11,29.6157,28.7089,26.9762,24.3343,21.1552,13.805,-1.0,-1.0,-1.0,-1.0,-1.0
10.43,0.3129188636363636,1.3576269507870055e-16,1.0790635880113812e-10,4,114.089,-7.19314,-4.85687,105.96,102.427,102.105,98.2862,0.671664,432.394,-0.112725,8430.36,0.0,2.57547,5.61345,39.5849,35.7953,33.7113,32.7016,32.1724,31.7149,31.3913,31.0705,30.7524,30.4371,30.0005,29.5083,28.6056,26.8811,24.2536,21.0942,13.7964,-1.0,-1.0,-1.0,-1.0,-1.0
10.45,0.3137934090909091,1.0182202130902541e-16,7.013913322073978e-11,4,113.793,-7.24142,-4.8529,105.693,102.141,101.858,98.0221,0.676552,433.11,-0.10781,8408.87,0.0,2.54716,5.59949,39.5323,35.6697,33.5909,32.5842,32.0568,31.6007,31.2783,30.9585,30.6416,30.3275,29.8925,29.4023,28.5034,26.7867,24.1729,21.0324,13.7854,-1.0,-1.0,-1.0,-1.0,-1.0
10.47,0.3146679545454546,7.636651598176906e-17,4.5590436593480855e-11,4,113.497,-7.28255,-4.84398,105.422,101.857,101.607,97.7619,0.680843,433.826,-0.102988,8387.37,0.0,2.52314,5.5962,39.5008,35.5457,33.4717,32.4678,31.942,31.4874,31.166,30.8473,30.5315,30.2184,29.785,29.2967,28.4014,26.6922,24.0915,20.9691,13.7715,-1.0,-1.0,-1.0,-1.0,-1.0
10.49,0.3155454545454546,5.727488698632679e-17,2.963378378576255e-11,4,113.2,-7.31508,-4.8302,105.148,101.574,101.354,97.5038,0.684587,434.539,-0.0984478,8365.86,0.0,2.5032,5.60356,39.4911,35.4229,33.3535,32.3522,31.8278,31.3747,31.0542,30.7366,30.4218,30.1098,29.6779,29.1912,28.2994,26.5974,24.0093,20.9044,13.7549,-1.0,-1.0,-1.0,-1.0,-1.0
10.51,0.31642000000000003,4.295616523974509e-17,1.926195946074566e-11,4,112.904,-7.33852,-4.81209,104.872,101.292,101.099,97.247,0.68781,435.251,-0.0939575,8344.33,0.0,2.48726,5.62193,39.5041,35.3086,33.236,32.237,31.7141,31.2622,30.9427,30.6261,30.3123,30.0013,29.5708,29.0858,28.1971,26.5021,23.9261,20.8382,13.7358,-1.0,-1.0,-1.0,-1.0,-1.0
10.53,0.31729454545454544,3.2217123929808816e-17,1.252027364948468e-11,4,112.608,-7.35953,-4.79411,104.6,101.014,100.844,96.9873,0.690518,435.961,-0.0895312,8322.67,0.0,2.47532,5.65141,39.5418,35.2114,33.1195,32.1229,31.6012,31.1505,30.832,30.5162,30.2033,29.8933,29.4642,28.9808,28.0952,26.4068,23.8422,20.7707,13.7143,-1.0,-1.0,-1.0,-1.0,-1.0
10.55,0.3181720454545454,2.416284294735661e-17,8.138177872165042e-12,4,112.311,-7.37708,-4.77265,104.33,100.733,100.592,96.7258,0.692724,436.67,-0.0851972,8301.08,0.0,2.46708,5.69117,39.6078,35.1334,33.0053,32.0109,31.4904,31.0407,30.723,30.4081,30.0961,29.7869,29.3591,28.8772,27.9945,26.3123,23.7587,20.7028,13.6906,-1.0,-1.0,-1.0,-1.0,-1.0
10.57,0.3190495454545455,1.8122132210517458e-17,5.289815616907277e-12,4,112.014,-7.39149,-4.74864,104.059,100.452,100.341,96.4652,0.694442,437.378,-0.0809503,8279.53,0.0,2.46244,5.74158,39.7036,35.0754,32.8932,31.9007,31.3813,30.9327,30.6157,30.3015,29.9903,29.682,29.2554,28.7749,27.895,26.2184,23.6754,20.6345,13.6651,-1.0,-1.0,-1.0,-1.0,-1.0
10.59,0.31992409090909096,1.3591599157888094e-17,3.4383801509897303e-12,4,111.718,-7.40158,-4.72278,103.787,100.172,100.087,96.2067,0.695691,438.083,-0.0769027,8258.0,0.0,2.46135,5.8034,39.8169,35.0377,32.7885,31.7917,31.2734,30.8257,30.5094,30.196,29.8855,29.5779,29.1524,28.6733,27.7959,26.1249,23.5919,20.5653,13.6376,-1.0,-1.0,-1.0,-1.0,-1.0
10.61,0.3207956818181818,1.019369936841607e-17,2.2349470981433247e-12,4,111.423,-7.4059,-4.69524,103.514,99.8943,99.8324,95.9507,0.696508,438.787,-0.0730184,8236.5,0.0,2.46375,5.8774,39.9176,35.0208,32.7007,31.6833,31.166,30.7193,30.4037,30.0909,29.7811,29.4743,29.0497,28.5719,27.697,26.0313,23.5078,20.4952,13.6081,-1.0,-1.0,-1.0,-1.0,-1.0
10.63,0.3216702272727273,7.645274526312053e-18,1.452715613793161e-12,4,111.127,-7.40285,-4.66557,103.239,99.6185,99.5765,95.6969,0.696902,439.488,-0.0691772,8215.06,0.0,2.46963,5.96448,40.0044,35.0254,32.6301,31.5823,31.0589,30.6131,30.2981,29.986,29.6768,29.3707,28.9471,28.4704,27.5979,25.9373,23.423,20.4238,13.5766,-1.0,-1.0,-1.0,-1.0,-1.0
10.65,0.32253886363636364,5.73395589473404e-18,9.442651489655547e-13,4,110.833,-7.38761,-4.63086,102.963,99.3435,99.3198,95.4455,0.696897,440.188,-0.0653726,8193.68,0.0,2.4788,6.06454,40.0778,35.0526,32.5775,31.4974,30.9586,30.5069,30.1925,29.881,29.5725,29.267,28.8444,28.3688,27.4984,25.8427,23.3373,20.3511,13.5432,-1.0,-1.0,-1.0,-1.0,-1.0
10.67,0.3234104545454546,4.30046692105053e-18,6.137723468276105e-13,4,110.538,-7.36729,-4.5924,102.694,99.0664,99.0683,95.1875,0.696493,440.886,-0.061666,8172.24,0.0,2.49099,6.17693,40.1417,35.1071,32.5464,31.432,30.8768,30.4116,30.0905,29.7782,29.4703,29.1654,28.7436,28.2691,27.4007,25.7495,23.2524,20.2787,13.5084,-1.0,-1.0,-1.0,-1.0,-1.0
10.69,0.3242790909090909,3.2253501907878973e-18,3.989520254379469e-13,4,110.244,-7.34944,-4.5551,102.43,98.793,98.818,94.9287,0.695729,441.582,-0.0580544,8150.82,0.0,2.50593,6.30173,40.1965,35.1909,32.5384,31.3874,30.8146,30.3351,30.0043,29.6829,29.3705,29.0658,28.6449,28.1713,27.3048,25.6578,23.1686,20.2067,13.4726,-1.0,-1.0,-1.0,-1.0,-1.0
10.71,0.32514477272727277,2.419012643090923e-18,2.593188165346655e-13,4,109.951,-7.33241,-4.51934,102.164,98.5203,98.5668,94.6722,0.694608,442.275,-0.0547305,8129.46,0.0,2.5237,6.44081,40.2431,35.3052,32.554,31.3639,30.7724,30.2777,29.9366,29.6053,29.2836,28.9709,28.5475,28.0748,27.2101,25.5669,23.0853,20.1347,13.4356,-1.0,-1.0,-1.0,-1.0,-1.0
10.73,0.32600749999999995,1.8142594823181922e-18,1.6855723074753257e-13,4,109.659,-7.31383,-4.48456,101.897,98.2489,98.3148,94.4186,0.693149,442.965,-0.0514917,8108.19,0.0,2.54437,6.59576,40.2816,35.445,32.5941,31.3621,30.7507,30.2398,29.8878,29.5461,29.2143,28.8921,28.4564,27.9792,27.1162,25.4766,23.002,20.0623,13.3972,-1.0,-1.0,-1.0,-1.0,-1.0
10.75,0.3268672727272728,1.3606946117386441e-18,1.0956219998589617e-13,4,109.368,-7.28553,-4.44578,101.627,97.9802,98.0617,94.1718,0.691369,443.654,-0.0482873,8087.18,0.0,2.56785,6.76824,40.3109,35.5738,32.659,31.3822,30.7496,30.2214,29.8578,29.5051,29.1627,28.8304,28.3813,27.8899,27.022,25.386,22.9183,19.989,13.3574,-1.0,-1.0,-1.0,-1.0,-1.0
10.77,0.32772704545454545,1.0205209588039832e-18,7.121542999083252e-14,4,109.077,-7.2351,-4.39684,101.353,97.7118,97.8057,93.9285,0.689298,444.341,-0.0450946,8066.16,0.0,2.59388,6.96075,40.3302,35.6854,32.7493,31.4247,30.7695,30.223,29.847,29.4825,29.129,28.786,28.3228,27.8163,26.9276,25.2947,22.8336,19.9146,13.3161,-1.0,-1.0,-1.0,-1.0,-1.0
10.79,0.3285809090909091,7.653907191029874e-19,4.6290029494041136e-14,4,108.788,-7.18673,-4.34896,101.09,97.4425,97.558,93.6736,0.686945,445.025,-0.0420121,8045.01,0.0,2.62205,7.17176,40.3449,35.7863,32.8725,31.496,30.8164,30.2501,29.8609,29.4837,29.1182,28.7638,28.2854,27.7628,26.8469,25.2056,22.7505,19.8412,13.2743,-1.0,-1.0,-1.0,-1.0,-1.0
10.81,0.32943477272727273,5.740430393272405e-19,3.008851917112674e-14,4,108.499,-7.14607,-4.30528,100.832,97.174,97.3126,93.4175,0.684301,445.707,-0.0390785,8023.91,0.0,2.65245,7.40437,40.355,35.8768,33.0253,31.5983,30.8922,30.3045,29.901,29.5102,29.1318,28.765,28.2704,27.7306,26.7856,25.1187,22.6692,19.7689,13.2319,-1.0,-1.0,-1.0,-1.0,-1.0
10.83,0.33028568181818185,4.3053227949543037e-19,1.9557537461232383e-14,4,108.211,-7.11144,-4.26518,100.577,96.9091,97.0674,93.1634,0.681392,446.387,-0.0364288,8002.91,0.0,2.68502,7.66142,40.3615,35.9568,33.171,31.7334,30.9987,30.3879,29.9688,29.5634,29.171,28.791,28.2789,27.7205,26.7445,25.0336,22.5893,19.6974,13.1891,-1.0,-1.0,-1.0,-1.0,-1.0
10.85,0.3311306818181819,3.2289920962157275e-19,1.2712399349801048e-14,4,107.925,-7.08007,-4.22831,100.32,96.6447,96.8215,92.9127,0.678246,447.064,-0.0338603,7982.02,0.0,2.71967,7.9484,40.3639,36.0272,33.3024,31.8953,31.1374,30.5015,30.0657,29.6444,29.2369,28.8427,28.3118,27.7335,26.7241,24.9592,22.5105,19.6266,13.1457,-1.0,-1.0,-1.0,-1.0,-1.0
10.87,0.33197272727272725,2.4217440721617957e-19,8.263059577370682e-15,4,107.64,-7.03183,-4.18253,100.056,96.3844,96.5722,92.6758,0.674885,447.738,-0.0312999,7961.59,0.0,2.75638,8.27795,40.3588,36.0861,33.4167,32.0429,31.2991,30.6443,30.1904,29.752,29.3283,28.9187,28.3677,27.7681,26.7232,24.9009,22.4311,19.555,13.1013,-1.0,-1.0,-1.0,-1.0,-1.0
10.89,0.3328118181818182,1.8163080541213469e-19,5.370988725290943e-15,4,107.356,-6.95741,-4.1244,99.7873,96.123,96.3203,92.4381,0.671329,448.411,-0.0287507,7940.98,0.0,2.79483,8.66422,40.3468,36.1342,33.5151,32.1728,31.4469,30.806,30.3451,29.8884,29.4473,29.0212,28.4485,27.8261,26.7432,24.8599,22.3512,19.4827,13.056,-1.0,-1.0,-1.0,-1.0,-1.0
10.91,0.3336479545454546,1.3622310405910101e-19,3.491142671439113e-15,4,107.073,-6.89436,-4.07242,99.5341,95.8611,96.0794,92.1859,0.667573,449.081,-0.0263349,7920.22,0.0,2.8347,9.1203,40.3336,36.1776,33.6044,32.292,31.583,30.9576,30.508,30.0561,29.6022,29.158,28.5618,27.9144,26.7902,24.841,22.274,19.4124,13.0108,-1.0,-1.0,-1.0,-1.0,-1.0
10.93,0.3344840909090909,1.0216732804432577e-19,2.2692427364354236e-15,4,106.79,-6.84563,-4.02795,99.2864,95.5992,95.8417,91.9318,0.663631,449.748,-0.0241233,7899.54,0.0,2.87587,9.69555,40.3195,36.2167,33.6866,32.4014,31.7084,31.0975,30.6586,30.2177,29.7747,29.3299,28.7103,28.0358,26.8666,24.846,22.2006,19.3443,12.966,-1.0,-1.0,-1.0,-1.0,-1.0
10.95,0.33531136363636366,7.662549603324432e-20,1.4750077786830254e-15,4,106.51,-6.80851,-3.98921,99.0422,95.3401,95.6048,91.68,0.659526,450.413,-0.0221804,7878.98,0.0,2.91829,10.5852,40.305,36.2512,33.7626,32.5007,31.8229,31.2258,30.797,30.3665,29.9341,29.5001,28.8897,28.1926,26.9742,24.8761,22.1426,19.2781,12.9214,-1.0,-1.0,-1.0,-1.0,-1.0
10.97,0.3361386363636364,5.746912202493323e-20,9.587550561439666e-16,4,106.23,-6.77801,-3.95452,98.794,95.0813,95.3665,91.4327,0.655251,451.075,-0.0203362,7858.56,0.0,2.96215,45.7564,40.2891,36.2811,33.8311,32.5908,31.9258,31.3418,30.9226,30.5018,30.0795,29.6556,29.0599,28.376,27.1142,24.9318,22.1036,19.2133,12.8769,-1.0,-1.0,-1.0,-1.0,-1.0
10.99,0.33695704545454547,4.3101841518699925e-20,6.231907864935783e-16,4,105.953,-6.72197,-3.90582,98.5347,94.8287,95.1209,91.2063,0.650832,451.735,-0.0184684,7838.72,0.0,3.0075,45.6977,40.2664,36.3015,33.8871,32.6674,32.0139,31.4406,31.0304,30.6189,30.206,29.7918,29.2099,28.5422,27.2837,25.0106,22.0814,19.1474,12.8314,-1.0,-1.0,-1.0,-1.0,-1.0
11.01,0.3377784090909091,3.2326381139024944e-20,4.050740112208259e-16,4,105.675,-6.63746,-3.84374,98.2715,94.5742,94.8737,90.9747,0.646287,452.393,-0.0166095,7818.55,0.0,3.054,45.6367,40.2387,36.3144,33.9324,32.7327,32.0901,31.5267,31.1237,30.7203,30.3163,29.9113,29.3425,28.6901,27.4616,25.1154,22.0778,19.0813,12.7855,-1.0,-1.0,-1.0,-1.0,-1.0
11.03,0.3385968181818182,2.4244785854268706e-20,2.6329810729353686e-16,4,105.398,-6.57052,-3.79134,98.0272,94.3187,94.6401,90.7252,0.641631,453.048,-0.0149044,7798.23,0.0,3.10104,45.5797,40.2123,36.3265,33.9743,32.7937,32.1617,31.6077,31.2116,30.8151,30.4185,30.0217,29.4653,28.8275,27.6274,25.2544,22.0986,19.018,12.7404,-1.0,-1.0,-1.0,-1.0,-1.0
11.05,0.3394093181818182,1.818358939070153e-20,1.7114376974079896e-16,4,105.123,-6.52452,-3.74889,97.7898,94.0622,94.4108,90.473,0.63688,453.701,-0.0134294,7777.98,0.0,3.14842,45.5272,40.188,36.3383,34.0148,32.8511,32.2294,31.6844,31.2949,30.9051,30.5152,30.1253,29.5795,28.9555,27.7822,25.4312,22.1458,18.9626,12.6963,-1.0,-1.0,-1.0,-1.0,-1.0
11.07,0.34021886363636367,1.363769204302615e-20,1.1124345033151932e-16,4,104.849,-6.49388,-3.71347,97.5553,93.8076,94.1822,90.2237,0.632015,454.351,-0.0122387,7757.88,0.0,3.19645,45.4784,40.1656,36.349,34.0533,32.9044,32.2922,31.7561,31.3729,30.9895,30.6061,30.2227,29.6862,29.0737,27.9257,25.6281,22.2205,18.9257,12.653,-1.0,-1.0,-1.0,-1.0,-1.0
11.09,0.3410254545454546,1.0228269032269612e-20,7.230824271548756e-17,4,104.576,-6.47344,-3.68364,97.3158,93.5533,93.9515,89.9795,0.627056,454.999,-0.0111604,7737.9,0.0,3.24511,45.4319,40.144,36.3582,34.0883,32.9535,32.3493,31.8213,31.4442,31.067,30.6898,30.3128,29.7852,29.183,28.0572,25.8106,22.3237,18.908,12.6103,-1.0,-1.0,-1.0,-1.0,-1.0
11.11,0.3418261363636363,7.67120177420221e-21,4.700035776506691e-17,4,104.305,-6.42459,-3.63717,97.0626,93.3062,93.7112,89.7593,0.622037,455.644,-0.0100501,7718.55,0.0,3.29445,45.3823,40.117,36.3603,34.114,32.993,32.3961,31.8749,31.5032,31.1319,30.7608,30.3898,29.8708,29.2786,28.1718,25.9732,22.4528,18.9075,12.5671,2.27024,2.2687,2.2679,2.26784,2.26853
11.13,0.34262977272727274,5.753401330651657e-21,3.055023254729349e-17,4,104.033,-6.34317,-3.57668,96.802,93.0586,93.4665,89.5361,0.616975,456.287,-0.00891709,7698.84,0.0,3.34428,45.3301,40.0851,36.3558,34.1311,33.0235,32.4339,31.9191,31.552,31.1856,30.82,30.4549,29.9442,29.3615,28.2731,26.1175,22.61,18.9255,12.5237,-1.0,-1.0,-1.0,-1.0,-1.0
11.15,0.3434275,4.315050997988743e-21,1.985765115574077e-17,4,103.763,-6.28113,-3.52647,96.5637,92.8084,93.239,89.2903,0.61187,456.928,-0.00795269,7678.93,0.0,3.39385,45.2834,40.0566,36.3529,34.1482,33.0534,32.4708,31.9622,31.5996,31.2377,30.8767,30.5164,30.0136,29.4402,28.3693,26.2523,22.8041,18.9676,12.4816,-1.0,-1.0,-1.0,-1.0,-1.0
11.17,0.34422227272727274,3.2362882484915573e-21,1.2907473251231502e-17,4,103.494,-6.2435,-3.48758,96.3364,92.5586,93.0169,89.0409,0.60671,457.566,-0.00721192,7659.1,0.0,3.44319,45.2428,40.0321,36.3521,34.1667,33.0829,32.5073,32.0047,31.6465,31.289,30.9323,30.5765,30.08,29.5151,28.4612,26.3789,23.0031,19.0357,12.4409,-1.0,-1.0,-1.0,-1.0,-1.0
11.19,0.3450140909090909,2.427216186368668e-21,8.389857613300478e-18,4,103.226,-6.2241,-3.45699,96.1078,92.3064,92.7955,88.794,0.601528,458.202,-0.00678587,7639.39,0.0,3.49216,45.2076,40.0115,36.353,34.1863,33.1121,32.5427,32.046,31.692,31.3388,30.9863,30.6348,30.1443,29.5864,28.5482,26.4991,23.1897,19.1313,12.4016,-1.0,-1.0,-1.0,-1.0,-1.0
11.21,0.34580295454545457,1.820412139776501e-21,5.453407448645311e-18,4,102.959,-6.21847,-3.43355,95.8751,92.0548,92.5716,88.5521,0.596318,458.835,-0.00648856,7619.8,0.0,3.54092,17.8211,39.9936,36.3548,34.2052,33.1404,32.5761,32.0846,31.7347,31.3856,31.0373,30.6899,30.2052,29.654,28.6292,26.6119,23.3632,19.2554,12.3635,-1.0,-1.0,-1.0,-1.0,-1.0
11.23,0.34658886363636365,1.3653091048323758e-21,3.544714841619452e-18,4,102.693,-6.18894,-3.39446,95.6295,91.8096,92.3388,88.3329,0.591102,459.466,-0.00618839,7600.81,0.0,3.58968,16.4232,39.9728,36.3525,34.2183,33.1628,32.6034,32.1162,31.7697,31.4244,31.0802,30.7368,30.2579,29.7131,28.7005,26.7128,23.5198,19.4064,12.3254,-1.0,-1.0,-1.0,-1.0,-1.0
11.25,0.3473718181818182,1.023981828624282e-21,2.304064647052644e-18,4,102.428,-6.11932,-3.34012,95.3675,91.5693,92.0929,88.1219,0.585895,460.095,-0.00579,7581.56,0.0,3.63867,15.429,39.9454,36.3422,34.2221,33.1756,32.621,32.1381,31.7947,31.4525,31.1117,30.7723,30.2989,29.7605,28.7599,26.7991,23.6572,19.5835,12.2869,-1.0,-1.0,-1.0,-1.0,-1.0
11.27,0.3481577272727272,7.679863714682115e-22,1.4976420205842186e-18,4,102.162,-6.06144,-3.29161,95.1328,91.3264,91.8684,87.8821,0.580716,460.722,-0.00555182,7562.03,0.0,3.68665,14.6261,39.9222,36.3347,34.2275,33.1895,32.6397,32.1609,31.8204,31.4812,31.1434,30.807,30.3386,29.8065,28.8175,26.8806,23.7866,19.7866,12.2501,-1.0,-1.0,-1.0,-1.0,-1.0
11.29,0.34893772727272726,5.759897786011586e-22,9.734673133797422e-19,4,101.898,-6.03183,-3.25693,94.909,91.079,91.652,87.6352,0.575576,461.346,-0.00550818,7542.54,0.0,3.73334,13.9399,39.9047,36.3315,34.2368,33.2057,32.6605,32.1859,31.8483,31.512,31.177,30.8435,30.3792,29.8523,28.8746,26.9602,23.911,19.982,12.2153,-1.0,-1.0,-1.0,-1.0,-1.0
11.31,0.34971477272727275,4.31992333950869e-22,6.327537536968324e-19,4,101.635,-6.0247,-3.23206,94.6865,90.8289,91.437,87.3896,0.570453,461.968,-0.00582337,7523.16,0.0,3.779,13.3353,39.8933,36.3321,34.2493,33.2244,32.683,32.2123,31.8776,31.5441,31.212,30.8813,30.4209,29.8985,28.9308,27.038,24.0301,20.1662,12.1834,-1.0,-1.0,-1.0,-1.0,-1.0
11.33,0.35048886363636367,3.2399425046315175e-22,4.112899399029411e-19,4,101.373,-6.03312,-3.21484,94.4599,90.5791,91.2193,87.1492,0.56536,462.588,-0.00629067,7503.89,0.0,3.82371,12.7921,39.8862,36.3358,34.2635,33.2445,32.7064,32.2388,31.9067,31.576,31.2466,30.9187,30.4621,29.9441,28.9847,27.1127,24.1426,20.3389,12.164,-1.0,-1.0,-1.0,-1.0,-1.0
11.35,0.35126295454545453,2.429956878473638e-22,2.6733846093691173e-19,4,101.111,-6.03224,-3.18947,94.2265,90.3356,90.9959,86.9243,0.560307,463.205,-0.00681043,7485.07,0.0,3.86766,12.3002,39.8797,36.3389,34.2759,33.2627,32.7277,32.2628,31.9327,31.6043,31.2777,30.9524,30.4996,29.9858,29.0343,27.1813,24.2459,20.4978,12.1593,-1.0,-1.0,-1.0,-1.0,-1.0
11.37,0.3520281818181818,1.8224676588552285e-22,1.7376999960899262e-19,4,100.852,-5.98431,-3.14602,93.9653,90.1029,90.7486,86.7258,0.555325,463.82,-0.00716567,7466.29,0.0,3.91152,11.8586,39.8651,36.3331,34.2782,33.2709,32.7389,32.2768,31.9487,31.6222,31.2976,30.9748,30.5257,30.0162,29.0726,27.2367,24.3339,20.6381,12.1679,-1.0,-1.0,-1.0,-1.0,-1.0
11.39,0.35279931818181826,1.3668507441414215e-22,1.1295049974584522e-19,4,100.591,-5.92656,-3.09844,93.7216,89.863,90.5213,86.4979,0.550431,464.434,-0.00761199,7447.12,0.0,3.95398,11.4402,39.853,36.3286,34.2812,33.279,32.7501,32.2907,31.9644,31.6399,31.3171,30.9962,30.5501,30.0447,29.1089,27.2883,24.417,20.7697,12.1927,-1.0,-1.0,-1.0,-1.0,-1.0
11.41,0.35357045454545455,1.0251380581060661e-22,7.341782483479939e-20,4,100.33,-5.89748,-3.06467,93.4982,89.6184,90.308,86.2549,0.545601,465.044,-0.00826216,7427.93,0.0,3.99474,11.036,39.8481,36.3298,34.2895,33.2912,32.7653,32.3084,31.984,31.6613,31.3404,31.0213,30.5777,30.0754,29.147,27.341,24.4986,20.8962,12.2351,-1.0,-1.0,-1.0,-1.0,-1.0
11.43,0.35433568181818187,7.688535435795496e-23,4.7721586142619605e-20,4,100.071,-5.8966,-3.04462,93.2801,89.371,90.0976,86.0101,0.540894,465.653,-0.00919771,7408.78,0.0,4.0333,10.6428,39.8509,36.3369,34.3031,33.3082,32.7844,32.3299,32.0073,31.6864,31.3672,31.0499,30.6087,30.1092,29.1868,27.395,24.5791,21.0181,12.2964,-1.0,-1.0,-1.0,-1.0,-1.0
11.45,0.3550994318181819,5.766401576846622e-23,3.101903099270275e-20,4,99.8125,-5.91663,-3.03392,93.0621,89.1249,89.8859,85.7694,0.536268,466.26,-0.0103817,7389.75,0.0,4.06791,10.2615,39.8602,36.3493,34.3207,33.3292,32.807,32.3542,32.0331,31.7139,31.3965,31.0808,30.6421,30.1453,29.2278,27.4493,24.6573,21.1344,12.3766,-1.0,-1.0,-1.0,-1.0,-1.0
11.47,0.35586111363636364,4.324801182634967e-23,2.0162370145256788e-20,4,99.5547,-5.94275,-3.02597,92.8347,88.8795,89.6688,85.5372,0.531696,466.864,-0.0116735,7370.85,0.0,4.0896,9.89345,39.8734,36.3644,34.3398,33.3515,32.831,32.3796,32.0595,31.7416,31.4257,31.1117,30.6752,30.1811,29.2684,27.5014,24.731,21.2433,12.4758,-1.0,-1.0,-1.0,-1.0,-1.0
11.49,0.35661895454545456,3.243600886976225e-23,1.3105540594416913e-20,4,99.2982,-5.92623,-2.99562,92.5858,88.6457,89.4332,85.3365,0.52726,467.467,-0.0128484,7352.5,0.0,4.0984,9.54175,39.8817,36.374,34.3525,33.3673,32.8485,32.3986,32.0796,31.7627,31.4478,31.1351,30.7009,30.2093,29.3016,27.5448,24.7952,21.3407,12.5928,-1.0,-1.0,-1.0,-1.0,-1.0
11.51,0.35738181818181813,2.4327006652321686e-23,8.518601386370994e-21,4,99.04,-5.86818,-2.94622,92.3316,88.4068,89.1973,85.1267,0.522951,468.067,-0.013979,7333.73,0.0,4.09485,9.20149,39.8879,36.3807,34.3622,33.3794,32.8623,32.4139,32.0959,31.78,31.4662,31.1546,30.7219,30.2327,29.3298,27.5823,24.8529,21.4299,12.7292,-1.0,-1.0,-1.0,-1.0,-1.0
11.53,0.35813670454545454,1.8245254989241264e-23,5.5370909011411466e-21,4,98.7845,-5.85017,-2.92499,92.1074,88.1732,88.9798,84.8926,0.518793,468.666,-0.0152469,7314.74,0.0,4.07872,8.86552,39.9003,36.3919,34.3762,33.3948,32.8792,32.4322,32.1153,31.8004,31.4876,31.1769,30.7456,30.2581,29.3595,27.6211,24.9099,21.516,12.8883,-1.0,-1.0,-1.0,-1.0,-1.0
11.55,0.35887770454545453,1.3683941241930947e-23,3.599109085741745e-21,4,98.5337,-5.86029,-2.93346,91.8749,87.9482,88.7517,84.6754,0.514743,469.262,-0.0164764,7296.02,0.0,4.05181,8.53847,39.9117,36.4013,34.3876,33.4076,32.8928,32.447,32.1311,31.8172,31.5054,31.1957,30.7658,30.2798,29.3845,27.6552,24.9608,21.5942,13.0541,-1.0,-1.0,-1.0,-1.0,-1.0
11.57,0.35960274999999997,1.0262955931448211e-23,2.3394209057321347e-21,4,98.2883,-5.88049,-2.96939,91.6268,87.736,88.5092,84.4814,0.511482,469.81,-0.0328698,7277.67,0.0,4.01542,8.22269,39.915,36.4022,34.39,33.4115,32.8975,32.4524,32.1373,31.8244,31.5136,31.205,30.7765,30.2921,29.3998,27.679,25.0005,21.6603,13.2073,-1.0,-1.0,-1.0,-1.0,-1.0
11.59,0.36031154545454547,7.697216948586158e-24,1.5206235887258876e-21,4,98.0484,-5.88747,-3.02536,91.3629,87.538,88.2537,84.3111,0.509688,470.356,-0.0489771,7259.78,0.0,3.9708,7.91958,39.9038,36.3887,34.3777,33.4009,32.8878,32.4436,32.129,31.8167,31.5068,31.1993,30.7724,30.2898,29.4008,27.6878,25.0248,21.7106,13.3461,-1.0,-1.0,-1.0,-1.0,-1.0
11.61,0.36100586363636367,0.25,9.884053326718269e-22,4,97.8134,-5.84075,-3.07504,91.0878,87.3561,87.9886,84.1723,0.509336,470.901,-0.064548,7242.86,0.0,3.91881,7.62968,39.8727,36.3555,34.3456,33.3708,32.8589,32.4156,32.1017,31.7902,31.481,31.1742,30.7489,30.2683,29.3829,27.6774,25.0309,21.7432,13.469,-1.0,-1.0,-1.0,-1.0,-1.0
11.63,0.36117131818181814,0.4375,6.424634662366875e-22,4,97.7574,-5.7272,-3.12582,90.8082,87.2419,87.9659,87.9659,0.510433,471.445,-0.0791128,7400.96,0.0,3.86105,7.36444,39.8014,36.284,34.2766,33.3038,32.7934,32.3514,32.0385,31.7279,31.4197,31.1139,30.69,30.2115,29.3305,27.6338,25.0057,21.7471,13.5709,-1.0,-1.0,-1.0,-1.0,-1.0
11.65,0.3611326136363637,0.578125,4.176012530538469e-22,4,97.7705,-5.57038,-3.21196,90.6013,87.2442,89.0217,89.0217,0.512935,471.989,-0.0926242,7493.37,0.0,3.79789,7.12522,39.6872,36.171,34.1678,33.1973,32.6888,32.2485,31.9368,31.6275,31.3205,31.016,30.5938,30.1174,29.2415,27.5552,24.9476,21.7209,13.6513,-1.0,-1.0,-1.0,-1.0,-1.0
11.67,0.36082593181818184,0.68359375,2.714408144850005e-22,4,97.8743,-5.3877,-3.28074,90.529,87.3048,90.2892,90.2892,0.516822,472.533,-0.105871,7600.72,0.0,3.72693,6.8977,39.5623,36.0476,34.0485,33.0806,32.5735,32.135,31.8246,31.5166,31.2109,30.9078,30.4875,30.0132,29.1418,27.4665,24.8792,21.6843,13.7211,-1.0,-1.0,-1.0,-1.0,-1.0
11.69,0.3602565909090909,0.7626953125,1.7643652941525034e-22,4,98.067,-5.27885,-3.3579,90.6232,87.4063,91.5072,91.5072,0.522043,473.077,-0.119391,7703.46,0.0,3.64716,6.6738,39.4483,35.9338,33.938,32.9723,32.4665,32.0292,31.72,31.4133,31.1089,30.807,30.3884,29.9162,29.0487,27.3836,24.8149,21.6496,13.7869,-1.0,-1.0,-1.0,-1.0,-1.0
11.71,0.35947186363636363,0.822021484375,1.1468374411991272e-22,4,98.3326,-5.24901,-3.44431,90.8208,87.5616,92.6535,92.6535,0.528623,473.622,-0.133196,7800.09,0.0,3.55869,6.45377,39.3447,35.8293,33.8359,32.8723,32.3676,31.9314,31.623,31.3172,31.014,30.7133,30.2964,29.8261,28.9622,27.3061,24.7543,21.6165,13.8488,-1.0,-1.0,-1.0,-1.0,-1.0
11.73,0.35851547727272726,0.86651611328125,7.454443367794328e-23,4,98.6563,-5.29055,-3.54088,91.0793,87.7676,93.7405,93.7405,0.536455,474.168,-0.147227,7891.66,0.0,3.4628,6.24111,39.2488,35.7314,33.7394,32.7776,32.2739,31.8386,31.5309,31.2258,30.9235,30.6238,30.2085,29.74,28.8796,27.2313,24.6951,21.583,13.9053,-1.0,-1.0,-1.0,-1.0,-1.0
11.75,0.35742111363636364,0.8998870849609375,4.8453881890663134e-23,4,99.0267,-5.3908,-3.64877,91.3694,88.0152,94.7883,94.7883,0.545573,474.715,-0.161376,7979.93,0.0,3.35976,6.03793,39.1553,35.6351,33.6438,32.6837,32.181,31.7466,31.4395,31.135,30.8333,30.5344,30.1205,29.6538,28.7967,27.1554,24.6344,21.5467,13.955,-1.0,-1.0,-1.0,-1.0,-1.0
11.77,0.35615420454545454,0.9249153137207031,3.149502322893104e-23,4,99.4555,-5.49794,-3.73289,91.6843,88.3127,95.4979,95.4979,0.555941,475.264,-0.175465,8037.31,0.0,3.25045,5.84849,39.0563,35.5329,33.5424,32.5835,32.0818,31.6483,31.3418,31.0381,30.7371,30.4388,30.0259,29.5608,28.7071,27.0727,24.5667,21.503,13.9955,-1.0,-1.0,-1.0,-1.0,-1.0
11.79,0.3547717727272727,0.9436864852905273,2.0471765098805176e-23,4,99.9234,-5.55708,-3.79813,92.0043,88.6781,96.0063,96.0063,0.567572,475.814,-0.189067,8080.95,0.0,3.1358,5.67982,38.9338,35.408,33.4192,32.4615,31.961,31.5286,31.223,30.9201,30.6199,30.3225,29.9109,29.4472,28.5972,26.9707,24.4806,21.4421,14.0227,-1.0,-1.0,-1.0,-1.0,-1.0
11.81,0.3533636363636363,0.9577648639678955,1.3306647314223367e-23,4,100.4,-5.58269,-3.87052,92.3372,89.0943,96.689,96.689,0.580461,476.366,-0.202139,8139.3,0.0,3.01669,5.53181,38.7862,35.2589,33.2726,32.3165,31.8171,31.3861,31.0815,30.7796,30.4804,30.1841,29.7739,29.3119,28.4656,26.8481,24.3749,21.3632,14.0369,-1.0,-1.0,-1.0,-1.0,-1.0
11.83,0.3519454545454545,0.9683236479759216,8.649320754245189e-24,4,100.88,-5.60374,-3.95295,92.724,89.5233,97.568,97.568,0.594601,476.92,-0.214959,8214.27,0.0,2.90268,5.40103,38.6245,35.0962,33.1126,32.1584,31.6602,31.2303,30.9267,30.6259,30.3279,30.0326,29.6241,29.164,28.3213,26.7131,24.2571,21.2727,14.0413,-1.0,-1.0,-1.0,-1.0,-1.0
11.85,0.3505390909090909,0.9762427359819412,5.622058490259373e-24,4,101.356,-5.64552,-4.02528,93.1863,89.9633,98.6004,98.6004,0.610008,477.475,-0.228059,8301.43,0.0,2.79588,5.28062,38.4711,34.9407,32.9589,32.0064,31.509,31.0801,30.7772,30.4774,30.1804,29.8862,29.4791,29.0208,28.1814,26.5816,24.1414,21.1825,14.0415,-1.0,-1.0,-1.0,-1.0,-1.0
11.87,0.3491356818181818,0.9821820519864559,3.6543380186685925e-24,4,101.831,-5.7547,-4.07671,93.7316,90.386,99.6817,99.6817,0.626583,478.061,-0.233938,8392.65,0.0,2.69558,5.16285,38.3513,34.8156,32.8333,31.8816,31.3848,30.9563,30.6539,30.3545,30.0581,29.7647,29.3587,28.9016,28.0648,26.471,24.0434,21.106,14.0437,-1.0,-1.0,-1.0,-1.0,-1.0
11.89,0.3477293181818181,0.9866365389898419,2.375319712134585e-24,4,102.307,-5.97004,-4.10898,94.3355,90.7703,100.769,100.769,0.642528,478.727,-0.221418,8484.13,0.0,2.60151,5.04361,38.2801,34.7344,32.7488,31.7967,31.2997,30.8712,30.5687,30.2692,29.9728,29.6795,29.274,28.8176,27.9821,26.3914,23.9724,21.0509,14.051,-1.0,-1.0,-1.0,-1.0,-1.0
11.91,0.34631999999999996,0.9899774042423815,1.5439578128874802e-24,4,102.784,-6.30535,-4.12455,94.9517,91.1117,101.838,101.838,0.657185,479.4,-0.209892,8573.54,0.0,2.51391,4.92265,38.2618,34.7012,32.7092,31.755,31.2572,30.8279,30.5249,30.2249,29.9281,29.6343,29.2282,28.7717,27.9361,26.3456,23.9307,21.0186,14.0643,-1.0,-1.0,-1.0,-1.0,-1.0
11.93,0.34493727272727276,0.9924830531817861,1.0035725783768622e-24,4,103.252,-6.69989,-4.06875,95.6133,91.4442,102.826,102.826,0.670581,480.081,-0.199487,8656.79,0.0,2.43234,4.79805,38.3031,34.7215,32.7202,31.7616,31.2621,30.8313,30.5273,30.2264,29.9286,29.6338,29.2264,28.7684,27.9311,26.3378,23.9214,21.012,14.0858,-1.0,-1.0,-1.0,-1.0,-1.0
11.95,0.3435604545454546,0.9943622898863396,6.523221759449604e-25,4,103.718,-7.22611,-3.95604,96.2861,91.7205,103.601,103.601,0.682718,480.769,-0.190812,8720.56,0.0,2.35457,4.66038,38.4312,34.8202,32.8047,31.8393,31.3363,30.903,30.5972,30.2946,29.995,29.6986,29.2889,28.8281,27.9861,26.3859,23.9604,21.044,14.1214,-1.0,-1.0,-1.0,-1.0,-1.0
11.97,0.34215409090909094,0.9957717174147547,4.240094143642242e-25,4,104.194,-7.8718,-3.82948,96.8572,91.974,104.113,104.113,0.693623,481.464,-0.183103,8762.91,0.0,2.28181,4.5215,38.6149,34.9688,32.9353,31.9618,31.4545,31.0174,30.7092,30.4042,30.1025,29.8039,29.3912,28.9271,28.0788,26.4681,24.0282,21.0984,14.1637,-1.0,-1.0,-1.0,-1.0,-1.0
11.99,0.34075363636363637,0.996828788061066,2.7560611933674574e-25,4,104.668,-8.54609,-3.69621,97.3109,92.2597,104.547,104.547,0.703362,482.156,-0.177992,8799.49,0.0,2.21604,4.39477,38.8168,35.1332,33.0796,32.0975,31.5857,31.1446,30.8336,30.5258,30.2214,29.9203,29.5044,29.0367,28.1817,26.5586,24.1024,21.1568,14.2037,-1.0,-1.0,-1.0,-1.0,-1.0
12.01,0.33937977272727277,0.9976215910457995,1.7914397756888475e-25,4,105.133,-9.19632,-3.56878,97.6638,92.578,105.054,105.054,0.712087,482.851,-0.172716,8842.8,0.0,2.15844,4.28791,39.0105,35.2888,33.2152,32.2241,31.7078,31.2629,30.9491,30.6386,30.3315,30.0278,29.6082,29.1368,28.2753,26.6397,24.1676,21.2064,14.2354,-1.0,-1.0,-1.0,-1.0,-1.0
12.03,0.33794090909090907,0.9982161932843496,1.1644358541977509e-25,4,105.62,-9.71843,-3.38238,97.963,92.9412,105.199,105.199,0.719794,483.553,-0.166551,8850.54,0.0,2.10979,4.20564,39.1772,35.418,33.3258,32.3256,31.8049,31.3566,31.0403,30.7273,30.4178,30.1116,29.6886,29.2133,28.3457,26.6991,24.2124,21.2377,14.2553,-1.0,-1.0,-1.0,-1.0,-1.0
12.05,0.33648727272727275,0.9986621449632622,7.568833052285381e-26,4,106.112,-10.0279,-3.11319,98.2622,93.3961,105.036,105.036,0.726572,484.26,-0.159366,8839.38,0.0,2.06899,4.14746,39.3101,35.5156,33.4056,32.3972,31.8723,31.4204,31.1019,30.7868,30.4751,30.1668,29.7408,29.2623,28.3887,26.7327,24.2335,21.2482,14.2632,-1.0,-1.0,-1.0,-1.0,-1.0
12.07,0.3351459090909091,0.9989966087224467,4.919741483985498e-26,4,106.566,-10.2858,-2.89507,98.5412,93.8483,105.504,105.504,0.73242,484.972,-0.151092,8881.67,0.0,2.0351,4.11223,39.4047,35.5775,33.451,32.4356,31.907,31.4519,31.1312,30.814,30.5004,30.1904,29.762,29.2806,28.402,26.7379,24.2287,21.2362,14.2587,-1.0,-1.0,-1.0,-1.0,-1.0
12.09,0.3339079545454546,0.999247456541835,3.197831964590574e-26,4,106.985,-10.568,-2.75262,98.8146,94.2691,106.623,106.623,0.737264,485.682,-0.143681,8977.82,0.0,2.00856,4.09703,39.4745,35.6161,33.4738,32.4519,31.9199,31.462,31.1392,30.82,30.5045,30.1926,29.7621,29.2784,28.3954,26.7237,24.2062,21.2088,14.2441,-1.0,-1.0,-1.0,-1.0,-1.0
12.11,0.33269954545454544,0.9994355924063762,2.078590776983873e-26,4,107.394,-10.9185,-2.66448,99.1112,94.6446,108.028,108.028,0.74119,486.391,-0.136843,9096.57,0.0,1.98932,4.09807,39.5412,35.6507,33.4926,32.4637,31.9285,31.4677,31.1429,30.8218,30.5043,30.1905,29.7574,29.2712,28.384,26.7045,24.1789,21.1764,14.224,1.57771,1.57286,1.56856,1.56478,1.56153
12.13,0.3313936363636364,0.9995766943047821,1.3510840050395175e-26,4,107.836,-11.2982,-2.56044,99.4352,94.9882,109.054,109.054,0.744138,487.105,-0.129966,9176.83,0.0,1.97774,4.11489,39.614,35.6896,33.5151,32.4785,31.9396,31.476,31.1492,30.826,30.5066,30.1908,29.755,29.2658,28.374,26.6864,24.1515,21.1428,14.1999,-1.0,-1.0,-1.0,-1.0,-1.0
12.15,0.3299518181818181,0.9996825207285867,8.782046032756864e-27,4,108.324,-11.5426,-2.34344,99.8174,95.3987,109.196,109.196,0.74616,487.822,-0.12291,9190.36,0.0,1.97342,4.14919,39.6865,35.7274,33.5359,32.4915,31.9487,31.4819,31.153,30.8279,30.5064,30.1887,29.7502,29.258,28.361,26.6654,24.1207,21.1053,14.1717,-1.0,-1.0,-1.0,-1.0,-1.0
12.17,0.3286015909090909,0.74976189054644,5.7083299212919615e-27,4,108.781,-11.8151,-2.17011,100.196,95.8004,109.79,109.79,0.747283,488.544,-0.115601,9242.5,0.0,1.97514,4.20069,39.7549,35.7608,33.5519,32.4999,31.9532,31.4829,31.1518,30.8246,30.5012,30.1816,29.7404,29.2453,28.343,26.6392,24.0845,21.0624,14.1389,-1.0,-1.0,-1.0,-1.0,-1.0
12.19,0.32746409090909095,0.56232141790983,3.7104144488397755e-27,4,109.166,-12.1036,-2.05262,100.547,96.1776,107.944,107.944,0.747463,489.263,-0.109105,9078.54,0.0,1.98354,4.27006,39.8166,35.7874,33.5606,32.5013,31.9507,31.4772,31.1438,30.8143,30.4887,30.1672,29.7235,29.2256,28.3182,26.6059,24.0413,21.0128,14.1006,-1.0,-1.0,-1.0,-1.0,-1.0
12.21,0.3267047727272727,0.4217410634323725,2.4117693917458542e-27,4,109.423,-12.3134,-1.97993,100.813,96.52,105.261,105.261,0.746847,489.98,-0.102942,8850.34,0.0,1.9995,4.36469,39.8527,35.7897,33.5465,32.48,31.926,31.4496,31.114,30.7825,30.455,30.1315,29.6854,29.185,28.2733,26.5533,23.9809,20.9485,14.0532,-1.0,-1.0,-1.0,-1.0,-1.0
12.23,0.3263265909090909,0.31630579757427935,1.5676501046348053e-27,4,109.551,-12.3405,-1.91033,100.936,96.8128,102.653,102.653,0.745452,490.699,-0.0955749,8629.23,0.0,2.0243,4.49666,39.8349,35.7423,33.4856,32.4131,31.8564,31.3777,31.0406,30.7076,30.3786,30.0537,29.6056,29.1033,28.1888,26.4639,23.888,20.8569,13.9915,-1.0,-1.0,-1.0,-1.0,-1.0
12.25,0.3262645454545454,0.2372293481807095,1.0189725680126235e-27,4,109.572,-11.9558,-1.71397,100.909,97.1102,100.308,100.308,0.743407,491.417,-0.0864198,8435.64,0.0,2.05799,4.67932,39.7328,35.6186,33.353,32.2768,31.7184,31.2387,30.9009,30.5672,30.2376,29.9121,29.4632,28.96,28.0447,26.3197,23.7471,20.7261,13.9115,-1.0,-1.0,-1.0,-1.0,-1.0
12.27,0.3265452272727273,0.17792201113553213,6.623321692082053e-28,4,109.477,-11.4275,-1.56371,100.78,97.3296,98.9706,98.9706,0.740796,492.134,-0.0758495,8325.47,0.0,2.09842,4.91049,39.5634,35.4342,33.1636,32.0859,31.5268,31.0467,30.7089,30.3752,30.0456,29.7202,29.2714,28.7685,27.854,26.1327,23.5693,20.5653,13.8182,-1.0,-1.0,-1.0,-1.0,-1.0
12.29,0.32700318181818183,0.13344150835164909,4.305159099853335e-28,4,109.322,-10.8555,-1.46493,100.609,97.4422,98.0749,98.0749,0.737585,492.846,-0.0651634,8250.83,0.0,2.14519,5.19201,39.3539,35.214,32.9408,31.8628,31.3039,30.8239,30.4863,30.153,29.8239,29.4989,29.0509,28.549,27.6365,25.9211,23.37,20.3872,13.7168,-1.0,-1.0,-1.0,-1.0,-1.0
12.31,0.32755863636363636,0.10008113126373681,2.7983534149046677e-28,4,109.134,-10.2714,-1.40152,100.436,97.4682,98.2018,96.4833,0.73387,493.551,-0.0551009,8189.38,0.0,2.19811,5.53104,39.1239,34.9756,32.7012,31.6238,31.0652,30.5858,30.2486,29.9158,29.5873,29.2631,28.8163,28.3156,27.4058,25.6974,23.1604,20.2007,13.6113,-1.0,-1.0,-1.0,-1.0,-1.0
12.33,0.32819090909090914,0.07506084844780261,1.8189297196880342e-28,4,108.92,-9.68542,-1.34552,100.272,97.4205,97.8633,95.601,0.729657,494.254,-0.0449398,8138.13,0.0,2.25697,5.93412,38.8897,34.7337,32.4583,31.3818,30.8239,30.3451,30.0083,29.6761,29.3482,29.0248,28.5792,28.08,27.1732,25.4718,22.9493,20.0133,13.5045,-1.0,-1.0,-1.0,-1.0,-1.0
12.35,0.3288793181818182,0.05629563633585196,1.1823043177972223e-28,4,108.687,-8.9313,-1.18148,100.083,97.3397,97.4227,94.9634,0.725014,494.954,-0.0344541,8093.18,0.0,2.32143,6.42656,38.6399,34.4783,32.2033,31.1281,30.5712,30.0932,29.7573,29.4257,29.0986,28.7761,28.3319,27.8346,26.9313,25.2379,22.7315,19.8207,13.3949,-1.0,-1.0,-1.0,-1.0,-1.0
12.37,0.3296120454545455,0.04222172725188897,7.684978065681945e-29,4,108.439,-8.1986,-1.0409,99.9048,97.2261,97.0577,94.5154,0.720002,495.652,-0.0239687,8059.22,0.0,2.38941,7.0409,38.3914,34.2244,31.9502,30.8763,30.3204,29.8435,29.5082,29.1775,28.8513,28.5295,28.0867,27.5912,26.6916,25.0062,22.5161,19.6304,13.2859,-1.0,-1.0,-1.0,-1.0,-1.0
12.39,0.3303625,0.031666295438916726,4.995235742693265e-29,4,108.185,-7.55804,-0.950219,99.7472,97.0782,96.7572,94.1268,0.714577,496.345,-0.0139694,8030.32,0.0,2.46085,7.84321,38.1559,33.9825,31.7085,30.6355,30.0805,29.6045,29.2699,28.94,28.6145,28.2936,27.8519,27.3579,26.4618,24.7839,22.3091,19.4471,13.1798,-1.0,-1.0,-1.0,-1.0,-1.0
12.41,0.3311218181818182,0.023749721579187547,3.2469032327506224e-29,4,107.928,-7.00925,-0.8956,99.6069,96.9032,96.5014,93.765,0.708782,497.031,-0.00559068,8004.39,0.0,2.53589,9.08215,37.9402,33.7585,31.4838,30.4111,29.8567,29.3814,29.0473,28.7179,28.3931,28.0728,27.632,27.1392,26.246,24.5748,22.1135,19.2729,13.077,-1.0,-1.0,-1.0,-1.0,-1.0
12.43,0.3318811363636364,0.01781229118439066,2.1104871012879045e-29,4,107.671,-6.54105,-0.867506,99.4659,96.7074,96.2641,93.4251,0.702628,497.713,0.00240588,7980.14,0.0,2.6149,44.528,37.7446,33.5528,31.276,30.2032,29.6488,29.1739,28.8402,28.5112,28.1868,27.867,27.427,26.9351,26.044,24.3785,21.929,19.1076,12.9774,-1.0,-1.0,-1.0,-1.0,-1.0
12.45,0.33264340909090917,0.013359218388292994,1.3718166158371382e-29,4,107.413,-6.02772,-0.776711,99.2949,96.5086,96.0143,93.1494,0.696136,498.393,0.0103106,7958.09,0.0,2.69779,44.4051,37.5545,33.3522,31.0731,30.0001,29.4458,28.971,28.6377,28.3091,27.9851,27.6658,27.2265,26.7354,25.8462,24.1862,21.748,18.9451,12.8784,-1.0,-1.0,-1.0,-1.0,-1.0
12.47,0.3334086363636364,0.010019413791219746,8.916808002941398e-30,4,107.154,-5.50314,-0.669795,99.1092,96.3125,95.7711,92.8805,0.68936,499.07,0.0180966,7936.54,0.0,2.78345,44.2989,37.3716,33.1584,30.8766,29.8032,29.2489,28.7743,28.4411,28.1128,27.7893,27.4704,27.0317,26.5416,25.6541,23.9992,21.5715,18.7863,12.7807,-1.0,-1.0,-1.0,-1.0,-1.0
12.49,0.334165,0.007514560343414809,5.7959252019119085e-30,4,106.898,-5.07158,-0.599591,98.9533,96.1063,95.5682,92.5931,0.682275,499.744,0.025458,7915.92,0.0,2.87112,44.231,37.2114,32.985,30.6989,29.6247,29.0701,28.5953,28.262,27.9337,27.6102,27.2916,26.8534,26.3637,25.4775,23.8263,21.4072,18.6375,12.6864,-1.0,-1.0,-1.0,-1.0,-1.0
12.51,0.3349154545454545,0.005635920257561107,3.76735138124274e-30,4,106.644,-4.74287,-0.558512,98.8203,95.8769,95.3959,92.2926,0.674858,500.412,0.0312511,7896.05,0.0,2.96061,44.2169,37.0836,32.8402,30.5478,29.4717,28.9162,28.4407,28.1071,27.7784,27.4546,27.1358,26.6976,26.208,25.3221,23.6725,21.2593,18.5016,12.5968,-1.0,-1.0,-1.0,-1.0,-1.0
12.53,0.33566,0.2542269401931708,2.4487783978077813e-30,4,106.392,-4.50956,-0.538168,98.6954,95.6306,95.2332,91.9874,0.667185,501.075,0.0360848,7876.36,0.0,3.05158,44.2643,36.9913,32.7267,30.4255,29.3462,28.7893,28.3127,27.9783,27.6489,27.3244,27.005,26.566,26.0759,25.1894,23.5393,21.1291,18.3796,12.5123,-1.0,-1.0,-1.0,-1.0,-1.0
12.55,0.33586386363636367,0.4406702051448781,1.591705958575058e-30,4,106.323,-4.33305,-0.504979,98.5853,95.4326,95.2827,95.2827,0.659265,501.737,0.0406281,8016.21,0.0,3.14434,44.3517,36.9163,32.628,30.3171,29.2337,28.6752,28.1972,27.8619,27.5316,27.2064,26.8861,26.4461,25.955,25.0674,23.416,21.0072,18.2639,12.4298,-1.0,-1.0,-1.0,-1.0,-1.0
12.57,0.3358018181818182,0.5805026538586586,1.0346088730737877e-30,4,106.344,-4.06694,-0.41814,98.4983,95.3998,96.2098,96.2098,0.6511,502.397,0.0456764,8097.23,0.0,3.24165,44.4211,36.817,32.508,30.189,29.1023,28.5425,28.0636,27.7277,27.3968,27.071,26.7503,26.3096,25.818,24.9298,23.2788,20.8735,18.1389,12.3433,-1.0,-1.0,-1.0,-1.0,-1.0
12.59,0.3354088636363636,0.6853769903939939,6.724957674979621e-31,4,106.477,-3.83165,-0.343468,98.5157,95.4675,97.2614,97.2614,0.642647,503.056,0.0508963,8186.39,0.0,3.34288,44.4969,36.7106,32.3817,30.055,28.9655,28.4042,27.9244,27.588,27.2567,26.9305,26.6093,26.1683,25.6762,24.7875,23.1374,20.736,18.0109,12.2551,-1.0,-1.0,-1.0,-1.0,-1.0
12.61,0.33473227272727274,0.7640327427954954,4.371222488736753e-31,4,106.706,-3.66991,-0.289604,98.6563,95.6154,98.2775,98.2775,0.633858,503.714,0.0558278,8272.32,0.0,3.44762,44.5991,36.6094,32.2598,29.9249,28.8323,28.2697,27.7887,27.4516,27.1198,26.7932,26.4716,26.0301,25.5374,24.6481,22.9984,20.6006,17.8842,12.1667,-1.0,-1.0,-1.0,-1.0,-1.0
12.63,0.33383704545454546,0.8230245570966215,2.8412946176788895e-31,4,107.009,-3.59498,-0.258466,98.8902,95.8216,99.2758,99.2758,0.62473,504.37,0.0597131,8356.72,0.0,3.55602,44.7398,36.5196,32.1477,29.8034,28.7075,28.1432,27.6609,27.3229,26.9903,26.6631,26.3411,25.8988,25.4056,24.5153,22.8652,20.4696,17.761,12.0786,-1.0,-1.0,-1.0,-1.0,-1.0
12.65,0.33276750000000005,0.8672684178224661,1.8468415014912783e-31,4,107.371,-3.6021,-0.246819,99.191,96.0794,100.251,100.251,0.615238,505.026,0.0633895,8438.99,0.0,3.66764,44.9245,36.443,32.0459,29.6911,28.5914,28.0253,27.5415,27.2025,26.869,26.5408,26.218,25.775,25.2809,24.3892,22.7377,20.3434,17.6411,11.9908,-1.0,-1.0,-1.0,-1.0,-1.0
12.67,0.3314970454545455,0.9004513133668496,1.2004469759693309e-31,4,107.801,-3.62463,-0.204208,99.5323,96.3971,100.877,100.877,0.605333,505.683,0.0670296,8490.58,0.0,3.78352,45.1414,36.3782,31.9464,29.5807,28.4768,27.9087,27.4234,27.0834,26.7488,26.4197,26.096,25.6519,25.1569,24.2639,22.6106,20.2173,17.5209,11.9017,-1.0,-1.0,-1.0,-1.0,-1.0
12.69,0.3301645454545455,0.9253384850251372,7.802905343800651e-32,4,108.252,-3.63532,-0.143037,99.9224,96.78,101.59,101.59,0.595032,506.342,0.070718,8551.43,0.0,3.90404,45.3861,36.3235,31.8452,29.4687,28.3603,27.7904,27.3036,26.9625,26.627,26.2969,25.9724,25.5271,25.031,24.1367,22.4817,20.0894,17.3989,11.8109,-1.0,-1.0,-1.0,-1.0,-1.0
12.71,0.32878181818181823,0.9440038637688528,5.071888473470424e-32,4,108.72,-3.68816,-0.0925433,100.345,97.1772,102.426,102.426,0.584307,507.002,0.0742804,8622.4,0.0,4.02865,45.6781,36.2894,31.7506,29.3624,28.2491,27.677,27.1885,26.8463,26.5097,26.1787,25.8531,25.4065,24.9092,24.0131,22.356,19.9638,17.2782,11.7194,-1.0,-1.0,-1.0,-1.0,-1.0
12.73,0.32736068181818184,0.9580028978266396,3.2967275077557755e-32,4,109.201,-3.80463,-0.0599453,100.797,97.5761,103.382,103.382,0.573142,507.661,0.076965,8703.46,0.0,4.15661,46.038,36.2867,31.67,29.2684,28.1495,27.5746,27.0841,26.7405,26.4027,26.0705,25.7437,25.2957,24.7966,23.8979,22.2378,19.844,17.1613,11.6281,-1.0,-1.0,-1.0,-1.0,-1.0
12.75,0.32590409090909084,0.9685021733699797,2.142872880041254e-32,4,109.694,-3.99935,-0.0441323,101.278,97.9717,104.41,104.41,0.561574,508.321,0.0788576,8790.23,0.0,4.28633,46.4903,36.3274,31.6105,29.193,28.0676,27.4895,26.9962,26.6509,26.3115,25.9778,25.6496,25.1996,24.6985,23.7962,22.1314,19.7333,17.051,11.5377,-1.0,-1.0,-1.0,-1.0,-1.0
12.77,0.3243825,0.9763766300274848,1.3928673720268153e-32,4,110.209,-4.25991,-0.0244215,101.773,98.3609,105.316,105.316,0.54958,508.982,0.080279,8864.47,0.0,4.41751,47.0521,36.4181,31.5744,29.1384,28.0053,27.4234,26.9269,26.5794,26.2379,25.9022,25.5723,25.1199,24.6162,23.7095,22.0378,19.6328,16.948,11.4487,-1.0,-1.0,-1.0,-1.0,-1.0
12.79,0.3228018181818182,0.9822824725206136,9.0536379181743e-33,4,110.744,-4.51603,0.0325853,102.281,98.7875,105.973,105.973,0.537174,509.645,0.081433,8920.68,0.0,4.55105,47.7145,36.5505,31.5523,29.0959,27.9544,27.3683,26.8683,26.5184,26.1745,25.8365,25.5045,25.0494,24.5428,23.6311,21.951,19.5377,16.8486,11.3598,-1.0,-1.0,-1.0,-1.0,-1.0
12.81,0.32125363636363635,0.9867118543904603,5.884864646813295e-33,4,111.268,-4.80625,0.0882309,102.797,99.2113,106.834,106.834,0.524375,510.309,0.0822322,8993.93,0.0,4.68601,48.5042,36.7354,31.5492,29.0705,27.9192,27.3285,26.8245,26.4719,26.1253,25.7848,25.4502,24.9918,24.4819,23.5644,21.8744,19.4506,16.7547,11.2716,-1.0,-1.0,-1.0,-1.0,-1.0
12.83,0.3197231818181818,0.9900338907928452,3.825162020428641e-33,4,111.786,-5.16078,0.12437,103.301,99.6237,107.882,107.882,0.51117,510.975,0.0825917,9082.93,0.0,4.82179,49.444,36.9803,31.5763,29.0632,27.9008,27.3047,26.7964,26.4408,26.0913,25.7479,25.4105,24.9483,24.4342,23.5101,21.8087,19.3719,16.6664,11.1842,-1.0,-1.0,-1.0,-1.0,-1.0
12.85,0.3182015909090909,0.9925254180946339,2.486355313278617e-33,4,112.301,-5.5875,0.142407,103.794,100.018,109.047,109.047,0.497586,511.64,0.0817305,9181.33,0.0,4.95727,50.5675,37.2963,31.6458,29.0768,27.902,27.2997,26.7864,26.4274,26.0746,25.7279,25.3874,24.9209,24.4021,23.47,21.7555,19.3027,16.5847,11.0977,-1.0,-1.0,-1.0,-1.0,-1.0
12.87,0.3166829545454546,0.9943940635709754,1.6161309536311012e-33,4,112.815,-6.08588,0.148403,104.282,100.4,110.269,110.269,0.483647,512.307,0.0804116,9284.26,0.0,5.09209,51.9147,37.6955,31.7638,29.1132,27.9249,27.3157,26.7965,26.4335,26.0769,25.7267,25.3826,24.9113,24.3873,23.4458,21.716,19.244,16.5101,11.0123,-1.0,-1.0,-1.0,-1.0,-1.0
12.89,0.3150963636363637,0.9957955476782315,1.0504851198602158e-33,4,113.352,-6.61389,0.176449,104.757,100.782,111.172,111.172,0.469341,512.975,0.0787617,9358.71,0.0,5.22706,53.5094,38.1788,31.9285,29.1678,27.9643,27.3476,26.8221,26.4546,26.0938,25.7394,25.3916,24.915,24.3852,23.4335,21.6864,19.1926,16.4405,10.9274,-1.0,-1.0,-1.0,-1.0,-1.0
12.91,0.31353636363636367,0.9968466607586737,6.8281532790914035e-34,4,113.88,-7.14359,0.218405,105.236,101.186,112.133,112.133,0.454697,513.644,0.0768973,9440.33,0.0,5.36255,55.3833,38.7487,32.1389,29.2497,28.016,27.3914,26.8591,26.487,26.1215,25.7627,25.4105,24.9283,24.3924,23.4298,21.6636,19.1465,16.3742,10.8425,-1.0,-1.0,-1.0,-1.0,-1.0
12.93,0.3120236363636364,0.9976349955690053,4.438299631409413e-34,4,114.392,-7.71675,0.248004,105.699,101.575,113.198,113.198,0.439712,514.315,0.0747544,9530.29,0.0,5.49731,57.6134,39.4248,32.4046,29.3714,28.0854,27.4501,26.9107,26.5336,26.1633,25.7997,25.4428,24.9542,24.4114,23.4373,21.6503,19.1074,16.3123,10.7579,-1.0,-1.0,-1.0,-1.0,-1.0
12.95,0.31055818181818184,0.998226246676754,2.8848947604161184e-34,4,114.888,-8.34222,0.26117,106.148,101.95,114.349,114.349,0.424381,514.987,0.0718638,9627.33,0.0,5.63084,60.2933,40.2264,32.734,29.5383,28.1908,27.5286,26.9781,26.5957,26.2201,25.8514,25.4895,24.994,24.4437,23.4566,21.6473,19.0759,16.2551,10.6736,-1.0,-1.0,-1.0,-1.0,-1.0
12.97,0.30914,0.9986696850075655,1.875181594270477e-34,4,115.368,-9.02057,0.262179,106.578,102.302,115.518,115.518,0.408768,515.659,0.0683209,9725.7,0.0,5.76269,63.5561,41.1795,33.1384,29.7578,28.3409,27.6465,27.0705,26.6759,26.294,25.9198,25.5525,25.0497,24.4912,23.4897,21.656,19.053,16.2035,10.5898,-1.0,-1.0,-1.0,-1.0,-1.0
12.99,0.3077365909090909,0.9990022637556741,1.21886803627581e-34,4,115.843,-9.73788,0.266305,106.993,102.64,116.56,116.56,0.392858,516.332,0.0644805,9811.9,0.0,5.89315,67.5727,42.3102,33.6268,30.0351,28.5397,27.809,27.2039,26.79,26.3905,26.0047,25.631,25.1204,24.5533,23.5362,21.6758,19.038,16.157,10.5064,-1.0,-1.0,-1.0,-1.0,-1.0
13.01,0.3063390909090909,0.9992516978167556,7.922642235792765e-35,4,116.316,-10.4481,0.28893,107.39,102.981,117.407,117.407,0.376703,517.007,0.0605194,9883.59,0.0,6.02302,72.6291,43.6311,34.1985,30.3673,28.784,28.0129,27.3755,26.9401,26.5203,26.1154,25.7246,25.1999,24.6237,23.5906,21.7016,19.0272,16.1128,10.4228,-1.0,-1.0,-1.0,-1.0,-1.0
13.03,0.3050154545454546,0.9994387733625667,5.149717453265297e-35,4,116.764,-11.1728,0.31016,107.778,103.316,118.355,118.355,0.360301,517.683,0.0563838,9963.78,0.0,6.15114,85.4905,45.191,34.872,30.766,29.0831,28.2663,27.5927,27.1333,26.6909,26.2647,25.8538,25.3029,24.7058,23.6552,21.7357,19.0226,16.0723,10.3394,-1.0,-1.0,-1.0,-1.0,-1.0
13.05,0.3037597727272727,0.9995790800219251,3.3473163446224433e-35,4,117.189,-11.9311,0.31913,108.143,103.63,119.413,119.413,0.343613,518.36,0.0519697,10053.3,0.0,6.27757,154.11,47.0471,35.6656,31.2415,29.4449,28.5764,27.8618,27.3752,26.9075,26.4574,26.0241,25.4439,24.8161,23.7304,21.7789,19.0241,16.0353,10.2558,-1.0,-1.0,-1.0,-1.0,-1.0
13.07,0.3025661363636364,0.9996843100164439,2.175755624004588e-35,4,117.593,-12.7274,0.317624,108.488,103.922,120.549,120.549,0.326694,519.037,0.0467293,10149.0,0.0,6.40187,143.979,49.2804,36.6053,31.8088,29.8812,28.9534,28.192,27.6747,27.1781,26.7009,26.2422,25.6291,24.967,23.8256,21.8328,19.0332,16.0028,10.1726,-1.0,-1.0,-1.0,-1.0,-1.0
13.09,0.30142863636363637,0.9997632325123329,1.4142411556029824e-35,4,117.978,-13.5624,0.308906,108.813,104.191,121.698,121.698,0.309591,519.715,0.0412561,10245.6,0.0,6.52365,134.116,52.0017,37.723,32.4856,30.4054,29.4091,28.5939,28.0413,27.5117,27.0037,26.5161,25.8656,25.1646,23.9599,21.8987,19.0508,15.9755,10.0898,-1.0,-1.0,-1.0,-1.0,-1.0
13.11,0.3002940909090909,0.9998224243842497,9.192567511419386e-36,4,118.362,-14.4038,0.317107,109.121,104.45,122.591,122.591,0.292304,520.394,0.0356433,10319.8,0.0,6.64364,124.532,55.3385,39.0462,33.2837,31.0254,29.9499,29.0727,28.4795,27.9121,27.3689,26.8485,26.1555,25.4106,24.1347,21.9738,19.0748,15.9519,10.0071,4.24618,4.24696,4.24915,4.25279,4.25787
13.13,0.2992245454545454,0.9998668182881874,5.975168882422601e-36,4,118.724,-15.245,0.330601,109.415,104.703,123.518,123.518,0.27483,521.074,0.0299298,10398.1,0.0,6.76161,115.198,59.4881,40.6166,34.2225,31.7549,30.5871,29.6381,28.9981,28.3873,27.8037,27.2457,26.5044,25.7096,24.3534,22.0709,19.1046,15.9315,9.92444,-1.0,-1.0,-1.0,-1.0,-1.0
13.15,0.2982259090909091,0.9999001137161405,3.883859773574691e-36,4,119.062,-16.111,0.33575,109.69,104.939,124.523,124.523,0.257202,521.755,0.0240771,10483.0,0.0,6.87683,106.024,64.7762,42.5034,35.3365,32.6191,31.3422,30.3089,29.6143,28.9529,28.3226,27.7211,26.9241,26.0722,24.6244,22.2048,19.1421,15.9156,9.84222,-1.0,-1.0,-1.0,-1.0,-1.0
13.17,0.17822590909090913,0.9999250852871053,2.5245088528235492e-36,4,119.375,-17.0068,0.33135,109.944,105.153,125.601,125.601,0.239429,522.436,0.0176102,10574.0,0.0,6.98924,96.8975,73.9193,44.7959,36.6663,33.6468,32.2397,31.1063,30.3472,29.6263,28.9411,28.289,27.4272,26.5092,24.9563,22.3809,19.1879,15.9046,9.76053,-1.0,-1.0,-1.0,-1.0,-1.0
13.19,0.058225909090909134,0.9999438139653289,1.640930754335307e-36,4,119.668,-17.9382,0.320495,110.547,105.737,126.705,126.705,0.221535,523.118,0.0108525,10666.9,0.0,7.09949,87.6439,146.186,47.6097,38.2592,34.8697,33.3052,32.0521,31.2159,30.4245,29.6746,28.9628,28.0253,27.0303,25.3558,22.6029,19.241,15.8975,9.67888,-1.0,-1.0,-1.0,-1.0,-1.0
13.21,0.0,0.9999578604739967,1.0666049903179495e-36,4,119.965,-18.8832,0.315798,111.42,106.618,127.683,127.683,0.203489,523.8,0.00416535,10748.2,0.0,7.20956,77.9089,136.27,51.0696,40.1537,36.3092,34.5543,33.1573,32.2295,31.3545,30.5281,29.7464,28.7204,27.636,25.8218,22.8676,19.3066,15.8902,9.59577,-1.0,-1.0,-1.0,-1.0,-1.0
13.23,0.0,0.9999683953554975,6.932932437066672e-37,4,120.277,-19.7958,0.31896,112.186,107.437,128.566,128.566,0.185306,524.484,-0.00216037,10822.6,0.0,7.32152,65.9495,126.951,55.315,42.3779,37.9746,35.9901,34.4217,33.3855,32.4122,31.4964,30.6332,29.505,28.3181,26.3452,23.1659,19.3876,15.876,9.50939,-1.0,-1.0,-1.0,-1.0,-1.0
13.25,0.0,0.9999762965166231,4.506406084093337e-37,4,120.598,-20.6622,0.320153,112.631,107.954,129.46,129.46,0.166996,525.168,-0.0081237,10897.8,0.0,7.43527,49.6146,118.172,60.636,45.0199,39.9188,37.6537,35.8781,34.7121,33.6219,32.6006,31.6418,30.3942,29.0888,26.9341,23.5019,19.4855,15.8548,9.41972,-1.0,-1.0,-1.0,-1.0,-1.0
13.27,0.0,0.9999822223874674,2.929163954660669e-37,4,120.914,-21.495,0.315669,112.949,108.342,130.367,130.367,0.148574,525.853,-0.013974,10974.2,0.0,7.55029,41.0687,109.859,69.0851,48.2138,42.2211,39.6065,37.5763,36.2523,35.021,33.8731,32.8005,31.412,29.9676,27.6026,23.8833,19.6037,15.8275,9.32714,-1.0,-1.0,-1.0,-1.0,-1.0
13.29,0.0,0.9999866667906006,1.9039565705294346e-37,4,121.223,-22.2995,0.306323,113.222,108.676,131.275,131.275,0.130062,526.539,-0.0199245,11050.6,0.0,7.66659,35.9173,101.947,140.754,52.1507,44.9887,41.9291,39.5802,38.0607,36.6561,35.3541,34.144,32.5867,30.9775,28.3663,24.318,19.7454,15.7942,9.23168,-1.0,-1.0,-1.0,-1.0,-1.0
13.31,0.0,0.9999900000929505,1.2375717708441325e-37,4,121.527,-23.0762,0.295875,113.474,108.985,132.142,132.142,0.111478,527.226,-0.025615,11123.0,0.0,7.78397,32.4562,94.3735,131.956,57.1163,48.3728,44.7329,41.9759,40.2094,38.5882,37.0956,35.7167,33.9542,32.147,29.2442,24.8152,19.914,15.7622,9.13348,-1.0,-1.0,-1.0,-1.0,-1.0
13.33,0.0,0.9999925000697129,8.044216510486862e-38,4,121.83,-23.8136,0.290741,113.716,109.284,132.898,132.898,0.0928173,527.913,-0.0310095,11186.5,0.0,7.90242,29.9689,87.0949,123.666,63.9761,52.5781,48.1614,44.8705,42.7862,40.8899,39.1573,37.5684,35.5532,33.5054,30.2541,25.382,20.111,15.7412,9.0325,-1.0,-1.0,-1.0,-1.0,-1.0
13.35,0.0,0.9999943750522846,5.22874073181646e-38,4,122.126,-24.5167,0.285524,113.953,109.578,133.657,133.657,0.074098,528.602,-0.0361264,11250.4,0.0,8.02156,28.0849,80.0259,115.836,138.836,57.9349,52.4421,48.4319,45.9275,43.6725,41.6317,39.7759,37.444,35.0987,31.4251,26.0314,20.341,15.733,8.92902,-1.0,-1.0,-1.0,-1.0,-1.0
13.37,0.0,0.9999957812892135,3.398681475680699e-38,4,122.413,-25.1949,0.277256,114.187,109.865,134.432,134.432,0.0553188,529.291,-0.041005,11315.7,0.0,8.14113,26.5966,73.0347,108.416,130.539,68.595,57.9354,52.9181,49.8396,47.103,44.6546,42.4511,39.7128,36.9924,32.7976,26.781,20.6101,15.7399,8.82334,-1.0,-1.0,-1.0,-1.0,-1.0
13.39,0.0,0.9999968359669101,2.2091429591924545e-38,4,122.692,-25.8542,0.2656,114.418,110.142,135.223,135.223,0.036513,529.981,-0.0462144,11382.4,0.0,8.2608,25.3799,65.883,101.357,122.68,134.039,140.337,58.7392,54.8422,51.4338,48.4279,45.7572,42.4828,39.2776,34.4262,27.6539,20.926,15.7645,8.71574,-1.0,-1.0,-1.0,-1.0,-1.0
13.41,0.0,0.9999976269751826,1.4359429234750954e-38,4,122.964,-26.4986,0.252053,114.646,110.409,136.012,136.012,0.0177097,530.672,-0.0512622,11448.6,0.0,8.38021,24.3564,57.8827,94.6143,115.216,126.121,132.156,137.574,62.2777,57.066,53.2644,49.9415,45.9355,42.085,36.3859,28.6799,21.298,15.8099,8.6065,-1.0,-1.0,-1.0,-1.0,-1.0
13.43,0.0,0.999998220231387,9.33362900258812e-39,4,123.234,-27.1231,0.243258,114.871,110.669,136.711,136.711,-0.00108592,531.363,-0.0561593,11507.1,0.0,8.49886,23.4768,50.2743,88.1541,108.115,118.601,124.39,129.581,133.367,137.221,59.9859,55.3846,50.3396,45.6007,38.7772,29.8949,21.7359,15.879,8.4958,-1.0,-1.0,-1.0,-1.0,-1.0
13.45,-0.12,0.9999986651735402,6.066858851682279e-39,4,123.498,-27.7296,0.23517,115.095,110.924,137.39,137.39,-0.0198962,532.055,-0.0609039,11564.2,0.0,8.61694,22.7088,44.855,81.9488,101.354,111.454,117.015,121.995,125.624,129.315,133.072,136.898,56.1168,50.1035,41.7399,31.3437,22.2502,15.974,8.38372,-1.0,-1.0,-1.0,-1.0,-1.0
13.47,-0.24,0.9999989988801552,3.9434582535934815e-39,4,123.757,-28.3305,0.225845,115.723,111.564,138.068,138.068,-0.0386957,532.748,-0.0654348,11621.2,0.0,8.73489,22.0329,40.8001,75.985,94.9331,104.68,110.029,114.813,118.295,121.834,125.435,129.098,134.341,56.0156,45.4658,33.0785,22.8501,16.0961,8.26998,-1.0,-1.0,-1.0,-1.0,-1.0
13.49,-0.2835595454545455,0.9999992491601164,2.563247864835763e-39,4,124.026,-28.9153,0.215484,116.633,112.502,138.738,138.738,-0.0575116,533.442,-0.0698465,11677.6,0.0,8.85547,21.4489,37.6993,70.3099,88.9135,98.3425,103.499,108.103,111.449,114.849,118.304,121.818,126.842,132.743,50.1652,35.1296,23.5289,16.2383,8.15236,-1.0,-1.0,-1.0,-1.0,-1.0
13.51,-0.2826554545454546,0.9999994368700873,1.666111112143246e-39,4,124.332,-29.4384,0.205174,117.325,113.323,139.377,139.377,-0.0763359,534.137,-0.0736607,11731.2,0.0,8.98009,20.9584,35.308,64.9841,83.3653,92.5133,97.4961,101.936,105.16,108.431,111.753,115.13,119.955,125.617,56.2387,37.5127,24.2703,16.3896,8.02839,-1.0,-1.0,-1.0,-1.0,-1.0
13.53,-0.2816420454545455,0.9999995776525654,1.08297222289311e-39,4,124.675,-29.8602,0.197728,117.725,113.899,139.93,139.93,-0.095164,534.832,-0.0766848,11777.3,0.0,9.09952,20.5452,33.4216,59.9705,78.2681,87.1681,91.9936,96.2849,99.3964,102.551,105.752,109.004,113.645,119.089,129.73,40.2933,25.0755,16.548,7.89781,-1.0,-1.0,-1.0,-1.0,-1.0
13.55,-0.28054886363636367,0.999999683239424,7.039319448805215e-40,4,125.045,-30.1885,0.190414,118.044,114.389,140.415,140.415,-0.113997,535.529,-0.0789598,11817.9,0.0,9.2122,20.1921,31.8959,55.1923,73.5762,82.2564,86.9397,91.0954,94.1045,97.1519,100.242,103.378,107.852,113.094,123.332,43.5812,25.9547,16.7151,7.76544,-1.0,-1.0,-1.0,-1.0,-1.0
13.57,-0.27939363636363634,0.999999762429568,4.57555764172339e-40,4,125.436,-30.4269,0.182505,118.349,114.855,140.848,140.848,-0.132819,536.227,-0.0805,11854.1,0.0,9.3181,19.8873,30.6393,50.709,69.2593,77.745,82.2989,86.3301,89.2446,92.1938,95.1813,98.2111,102.53,107.586,117.452,47.5186,26.9163,16.8916,7.6375,-1.0,-1.0,-1.0,-1.0,-1.0
13.59,-0.2781734090909091,0.999999821822176,2.9741124671202035e-40,4,125.849,-30.5773,0.174678,118.654,115.317,141.236,141.236,-0.151642,536.926,-0.0815118,11886.6,0.0,9.41734,19.6219,29.5881,47.143,65.2903,73.6026,78.0376,81.9534,84.7807,87.6385,90.5312,93.4624,97.6376,102.522,112.043,52.3263,27.9704,17.0781,7.51429,-1.0,-1.0,-1.0,-1.0,-1.0
13.61,-0.2768940909090909,0.999999866366632,1.9331731036281324e-40,4,126.282,-30.6438,0.166856,118.973,115.787,141.588,141.588,-0.170431,537.626,-0.0820993,11916.1,0.0,9.50986,19.3881,28.6961,44.3165,61.6439,69.7998,74.1238,77.9327,80.6784,83.451,86.2552,89.0947,93.1361,97.8605,107.061,127.058,29.1296,17.2759,7.39633,-1.0,-1.0,-1.0,-1.0,-1.0
13.63,-0.2755527272727273,0.9999998997749739,1.256562517358286e-40,4,126.736,-30.6293,0.159778,119.306,116.266,141.898,141.898,-0.189174,538.327,-0.0820187,11941.9,0.0,9.59555,19.1799,27.9293,42.0226,58.299,66.3105,70.5303,74.2383,76.9076,79.6001,82.3209,85.0743,88.9909,93.5656,102.468,121.795,30.4086,17.4862,7.28415,-1.0,-1.0,-1.0,-1.0,-1.0
13.65,-0.1555527272727273,0.9999999248312305,8.167656362828859e-41,4,127.212,-30.5354,0.155579,119.655,116.76,142.167,142.167,-0.20786,539.03,-0.0813077,11964.4,0.0,9.67408,18.9915,27.2608,40.1211,55.2347,63.1082,67.2282,70.8401,73.4366,76.0534,78.6959,81.3679,85.1662,89.6004,98.2224,116.924,31.8279,17.7118,7.17852,-1.0,-1.0,-1.0,-1.0,-1.0
13.67,-0.03555272727272729,0.9999999436234228,5.308976635838759e-41,4,127.703,-30.361,0.149376,119.673,116.921,142.397,142.397,-0.226495,539.733,-0.0801452,11983.6,0.0,9.74405,18.8118,26.6569,38.487,52.3863,60.1261,64.15,67.6693,70.1956,72.7398,75.3067,77.9012,81.5868,85.8869,94.2432,112.353,33.4462,17.9649,7.08127,-1.0,-1.0,-1.0,-1.0,-1.0
13.69,0.0,0.9999999577175671,3.4508348132951936e-41,4,128.19,-30.1475,0.133289,119.482,116.84,142.598,142.598,-0.245047,540.441,-0.0809077,12000.4,0.0,9.80427,18.6329,26.0939,37.0389,49.7036,57.3144,61.2438,64.6729,67.1308,69.604,72.0981,74.6174,78.1948,82.3657,90.4666,108.011,35.3391,18.2586,6.99413,-1.0,-1.0,-1.0,-1.0,-1.0
13.71,0.0,0.9999999682881753,2.2430426286418758e-41,4,128.672,-29.9073,0.107075,119.361,116.803,142.79,142.79,-0.262569,541.167,-0.0913776,12016.6,0.0,9.85509,18.4546,25.5667,35.7447,47.2007,54.67,58.5056,61.846,64.2378,66.6422,69.0652,71.5116,74.9838,79.0304,86.8858,103.888,37.5641,18.5961,6.91738,-1.0,-1.0,-1.0,-1.0,-1.0
13.73,0.0,0.9999999762161315,1.4579777086172192e-41,4,129.155,-29.6353,0.0720924,119.437,116.952,142.983,142.983,-0.278551,541.895,-0.101482,12032.7,0.0,9.89713,18.2789,25.0749,34.5874,45.0041,52.2061,55.9482,59.2001,61.5262,63.8637,66.218,68.5934,71.9637,75.8908,83.51,99.9944,40.1741,18.9768,6.851,-1.0,-1.0,-1.0,-1.0,-1.0
13.75,0.0,0.9999999821620986,9.476855106011925e-42,4,129.638,-29.3286,0.0235132,119.638,117.229,143.257,143.257,-0.293027,542.628,-0.111179,12056.7,0.0,9.93115,18.1069,24.6171,33.5503,43.0995,49.9275,53.5738,56.7381,59.0,61.2707,63.5575,65.8646,69.1366,72.9476,80.3402,96.331,43.2388,19.3999,6.79469,-1.0,-1.0,-1.0,-1.0,-1.0
13.77,0.0,0.999999986621574,6.159955818907753e-42,4,130.113,-29.01,-0.0442454,119.922,117.581,143.724,143.724,-0.305989,543.363,-0.120612,12096.6,0.0,9.95609,17.9325,24.1781,32.5944,41.3993,47.791,51.3397,54.4153,56.612,58.8182,61.0381,63.2773,66.453,70.1511,77.3244,92.839,47.1765,19.8822,6.75009,-1.0,-1.0,-1.0,-1.0,-1.0
13.79,0.015597600000000001,0.9999999899661804,4.0039712822900394e-42,4,130.586,-28.6956,-0.120153,120.266,117.973,144.252,144.252,-0.317445,544.102,-0.12998,12141.0,0.0,9.97066,17.7484,23.742,31.6833,39.8286,45.7412,49.1902,52.1769,54.3099,56.4499,58.6039,60.7765,63.8566,67.4437,74.401,89.4491,118.941,20.4492,6.71927,-1.0,-1.0,-1.0,-1.0,-1.0
13.81,0.01673328,0.9999999924746353,2.602581333488526e-42,4,131.06,-28.3972,-0.196307,120.596,118.327,144.741,144.741,-0.327405,544.843,-0.139444,12181.9,0.0,9.97392,17.5495,23.2981,30.7932,38.3398,43.7472,47.0887,49.9852,52.0522,54.1274,56.215,58.3204,61.3057,64.7819,71.5244,86.111,114.708,21.1299,6.70404,-1.0,-1.0,-1.0,-1.0,-1.0
13.83,0.01789104,0.9999999943559765,1.691677866767542e-42,4,131.534,-28.1244,-0.269186,120.974,118.703,145.145,145.145,-0.335864,545.588,-0.149092,12215.4,0.0,9.96546,17.3337,22.8418,29.9129,36.9088,41.8471,45.0141,47.8195,49.8222,51.8305,53.8517,55.8903,58.7802,62.1455,68.6734,82.7992,110.507,21.9539,6.70587,-1.0,-1.0,-1.0,-1.0,-1.0
13.85,-0.10210896,0.9999999957669824,1.0995906133989022e-42,4,132.008,-27.8774,-0.336079,121.384,119.1,145.456,145.456,-0.342816,546.335,-0.15896,12241.3,0.0,9.9453,17.1012,22.3727,29.0397,35.5269,40.0422,42.9657,45.6794,47.6146,49.5571,51.5112,53.4816,56.2762,59.5304,65.8435,79.5089,106.33,22.9522,6.72583,-1.0,-1.0,-1.0,-1.0,-1.0
13.87,-0.22210896,0.9999999968252368,7.147338987092865e-43,4,132.48,-27.6683,-0.399193,122.264,119.938,145.7,145.7,-0.34825,547.085,-0.169013,12261.5,0.0,9.91393,16.854,21.8941,28.1777,34.196,38.3302,40.9845,43.5742,45.4429,47.3178,49.2042,51.1072,53.8051,56.9478,63.0462,76.2527,102.192,24.1562,6.76453,-1.0,-1.0,-1.0,-1.0,-1.0
13.89,-0.25714886363636363,0.9999999976189275,4.645770341610363e-43,4,132.965,-27.4844,-0.459167,123.511,121.134,145.879,145.879,-0.352177,547.838,-0.178984,12276.3,0.0,9.87355,16.6014,21.4218,27.3512,32.9481,36.7468,39.1664,41.5659,43.3668,45.1733,46.9927,48.827,51.4298,54.4619,60.3484,73.1045,98.1835,25.5658,6.82008,-1.0,-1.0,-1.0,-1.0,-1.0
13.91,-0.25560068181818185,0.9999999982141956,3.0197507220467358e-43,4,133.489,-27.2712,-0.517363,124.495,122.158,146.005,146.005,-0.354603,548.594,-0.188506,12287.0,0.0,9.82681,16.3539,20.9731,26.5865,31.8161,35.3282,37.5497,39.7427,41.4566,43.1963,44.9468,46.7148,49.2229,52.1468,57.8274,70.1512,94.413,27.152,6.88944,-1.0,-1.0,-1.0,-1.0,-1.0
13.93,-0.25393727272727273,0.9999999986606467,1.962837969330378e-43,4,134.052,-26.9876,-0.576384,125.124,122.9,146.108,146.108,-0.35554,549.352,-0.197444,12295.3,0.0,9.77462,16.1144,20.5515,25.8853,30.7975,34.066,36.1208,38.1399,39.7298,41.4001,43.0845,44.7853,47.2011,50.0202,55.5022,67.4131,90.9054,28.907,6.97141,-1.0,-1.0,-1.0,-1.0,-1.0
13.95,-0.2521822727272728,0.9999999989954851,1.2758446800647457e-43,4,134.646,-26.6194,-0.632392,125.63,123.543,146.123,146.123,-0.354981,550.113,-0.205736,12296.1,0.0,9.71722,15.883,20.1559,25.2431,29.881,32.9421,34.8565,36.7302,38.2003,39.784,41.4023,43.0375,45.364,48.0807,53.3713,64.8904,87.6611,30.8266,7.06559,-1.0,-1.0,-1.0,-1.0,-1.0
13.97,-0.2503445454545455,0.9999999992466138,8.292990420420848e-44,4,135.268,-26.1584,-0.684995,126.103,124.17,146.053,146.053,-0.352917,550.878,-0.213323,12289.9,0.0,9.65474,15.6599,19.7852,24.6555,29.0566,31.9413,33.7373,35.489,36.8593,38.3427,39.8952,41.4676,43.7059,46.3238,51.4321,62.5795,84.6772,32.8986,7.17151,-1.0,-1.0,-1.0,-1.0,-1.0
13.99,-0.24842704545454547,0.9999999994349603,5.390443773273551e-44,4,135.917,-25.5973,-0.734015,126.575,124.81,145.905,145.905,-0.349333,551.644,-0.220152,12277.2,0.0,9.58723,15.4448,19.4382,24.1184,28.3157,31.0505,32.7466,34.3961,35.6832,37.0734,38.5565,40.0677,42.2211,44.7449,49.6787,60.4769,81.9504,35.0984,7.2887,-1.0,-1.0,-1.0,-1.0,-1.0
14.01,-0.2464297727272728,0.9999999995762202,3.503788452627809e-44,4,136.593,-24.9294,-0.779491,127.055,125.474,145.689,145.689,-0.344227,552.413,-0.226168,12258.7,0.0,9.51482,15.2377,19.114,23.6287,27.6516,30.2595,31.8718,33.436,34.654,35.9669,37.3786,38.8305,40.9035,43.3379,48.1063,58.5774,79.4771,37.4731,7.41637,-1.0,-1.0,-1.0,-1.0,-1.0
14.03,-0.24435568181818185,0.9999999996821651,2.2774624942080757e-44,4,137.295,-24.1466,-0.817963,127.549,126.172,145.412,145.412,-0.337609,553.186,-0.231331,12235.1,0.0,9.4376,15.0384,18.8114,23.183,27.0576,29.559,31.1013,32.5946,33.7554,35.0047,36.3507,37.7465,39.7438,42.0935,46.7071,56.8748,77.2503,41.6555,7.55363,-1.0,-1.0,-1.0,-1.0,-1.0
14.05,-0.24220772727272732,0.9999999997616238,1.4803506212352493e-44,4,138.022,-23.2519,-0.851903,128.059,126.893,145.075,145.075,-0.32943,553.96,-0.235627,12206.5,0.0,9.35511,14.8455,18.5279,22.7763,26.5255,28.9379,30.4221,31.8569,32.9707,34.1678,35.4572,36.8008,38.7272,40.9977,45.4681,55.3561,75.2569,112.693,7.70044,-1.0,-1.0,-1.0,-1.0,-1.0
14.07,-0.23998,0.9999999998212179,9.622279038029121e-45,4,138.776,-22.2405,-0.883092,128.581,127.642,144.671,144.671,-0.319765,554.737,-0.238973,12172.2,0.0,9.26815,14.6607,18.2652,22.4103,26.0564,28.3964,29.8337,31.2216,32.2978,33.4534,34.6967,35.9923,37.8536,40.0516,44.3906,54.0249,73.5043,110.297,7.85435,-1.0,-1.0,-1.0,-1.0,-1.0
14.09,-0.23767250000000004,0.9999999998659135,6.254481374718929e-45,4,139.557,-21.1034,-0.912915,129.112,128.423,144.202,144.202,-0.308556,555.517,-0.241257,12132.5,0.0,9.17671,14.4846,18.0245,22.0864,25.6515,27.9355,29.337,30.6892,31.7369,32.8613,34.0685,35.3211,37.1237,39.2565,43.4779,52.8879,72.0043,108.266,8.0139,-1.0,-1.0,-1.0,-1.0,-1.0
14.11,-0.23527636363636364,0.9999999998994351,4.065412893567304e-45,4,140.368,-19.8224,-0.936989,129.648,129.245,143.605,143.605,-0.295861,556.299,-0.242316,12081.6,0.0,9.08186,14.3206,17.8107,21.8114,25.3192,27.5648,28.9421,30.2703,31.2992,32.4031,33.5819,34.7972,36.5483,38.6247,42.7446,51.9642,70.7848,106.645,8.17535,8.08381,8.04508,8.00915,7.97596,7.94545
14.13,-0.23278272727272728,0.9999999999245763,2.6425183808187476e-45,4,141.212,-18.3743,-0.956328,130.184,130.115,142.882,142.882,-0.281692,557.084,-0.24193,12020.2,0.0,8.98465,14.1725,17.6299,21.5948,25.0723,27.2992,28.6653,29.9828,31.0036,32.0989,33.2523,34.4367,36.1451,38.1754,42.2124,51.2821,69.886,105.497,8.33454,-1.0,-1.0,-1.0,-1.0,-1.0
14.15,-0.23019750000000005,0.9999999999434322,1.717636947532186e-45,4,142.087,-16.741,-0.971221,130.717,131.043,142.026,142.026,-0.266082,557.872,-0.239852,11947.6,0.0,8.88641,14.0451,17.4902,21.4488,24.9278,27.1591,28.5291,29.8516,30.8767,31.9702,33.0998,34.2602,35.9368,37.9322,41.909,50.8766,69.359,104.899,8.48648,-1.0,-1.0,-1.0,-1.0,-1.0
14.17,-0.2275236363636364,0.9999999999575742,1.116464015895921e-45,4,142.992,-14.8983,-0.981361,131.235,132.031,141.02,141.02,-0.249106,558.662,-0.235771,11862.3,0.0,8.7891,13.9454,17.4032,21.3919,24.9115,27.1759,28.5689,29.9155,30.9579,32.0407,33.1545,34.299,35.9566,37.9305,41.8747,50.7979,69.2735,104.962,8.62486,-1.0,-1.0,-1.0,-1.0,-1.0
14.19,-0.22477295454545454,0.9999999999681806,7.257016103323487e-46,4,143.923,-12.8279,-0.985519,131.73,133.086,139.849,139.849,-0.230823,559.456,-0.22931,11763.0,0.0,8.69505,13.8823,17.3842,21.4497,25.0607,27.3956,28.8367,30.2293,31.2744,32.3507,33.4579,34.5979,36.2503,38.2206,42.1644,51.1142,69.7252,105.83,8.74283,-1.0,-1.0,-1.0,-1.0,-1.0
14.21,-0.22196613636363638,0.9999999999761354,4.7170604671602664e-46,4,144.873,-10.518,-0.976687,132.188,134.207,138.521,138.521,-0.211375,560.252,-0.220084,11650.7,0.0,8.60738,13.8672,17.4534,21.6566,25.4265,27.8829,29.4029,30.8196,31.8688,32.9493,34.0633,35.2108,36.8743,38.8616,42.8443,51.9082,70.8284,107.68,8.83315,-1.0,-1.0,-1.0,-1.0,-1.0
14.23,-0.2191711363636364,0.9999999999821015,3.066089303654173e-46,4,145.819,-8.00956,-0.961014,132.602,135.348,137.162,137.162,-0.190954,561.052,-0.207796,11536.9,0.0,8.52941,13.9122,17.6335,22.0538,26.0738,28.7165,30.2858,31.7242,32.7904,33.8905,35.0238,36.1922,37.8886,39.9155,43.9844,53.2645,72.7017,110.695,8.89035,-1.0,-1.0,-1.0,-1.0,-1.0
14.25,-0.21652977272727275,0.9999999999865762,1.9929580473752125e-46,4,146.713,-5.44409,-0.938156,132.987,136.428,136.199,136.199,-0.169866,561.856,-0.19259,11458.8,0.0,8.46323,14.0237,17.9387,22.6725,27.0591,29.8648,31.4766,32.9566,34.0541,35.186,36.3542,37.5584,39.3077,41.3996,45.6032,55.2092,75.3845,114.939,8.91512,-1.0,-1.0,-1.0,-1.0,-1.0
14.27,-0.2141868181818182,0.9999999999899322,1.2954227307938883e-46,4,147.506,-3.08224,-0.90167,133.38,137.304,136.097,136.097,-0.148553,562.664,-0.175439,11453.8,0.0,8.40742,14.1913,18.355,23.5008,28.321,31.2305,32.9033,34.4386,35.5785,36.7546,37.9683,39.2207,41.0399,43.2174,47.5956,57.6167,78.712,35.6564,8.91825,-1.0,-1.0,-1.0,-1.0,-1.0
14.29,-0.21212454545454543,0.9999999999924492,8.420247750160274e-47,4,148.204,-1.084,-0.84763,133.813,137.933,136.697,136.697,-0.127512,563.476,-0.157633,11506.4,0.0,8.35873,14.395,18.8503,24.4961,29.6725,32.7017,34.4443,36.045,37.2334,38.4608,39.727,41.0342,42.934,45.2092,49.7865,60.2769,82.4027,31.2426,8.91298,-1.0,-1.0,-1.0,-1.0,-1.0
14.31,-0.21024250000000003,0.9999999999943369,5.473161037604178e-47,4,148.841,0.561449,-0.784478,134.271,138.403,137.59,137.59,-0.107137,564.292,-0.139962,11582.1,0.0,8.31562,14.6225,19.4045,25.6246,31.0473,34.2051,36.0223,37.6934,38.9339,40.2156,41.5389,42.9043,44.8906,47.2696,52.0595,63.0494,86.2671,28.5452,8.90566,-1.0,-1.0,-1.0,-1.0,-1.0
14.33,-0.2084609090909091,0.9999999999957526,3.5575546744427156e-47,4,149.444,1.92666,-0.715187,134.741,138.804,138.524,138.524,-0.0877063,565.112,-0.122724,11660.7,0.0,8.27835,14.8707,20.0136,26.7746,32.4197,35.7117,37.6079,39.3516,40.6469,41.9847,43.3669,44.7937,46.8697,49.3567,54.3674,65.8749,90.2234,26.5871,8.89714,-1.0,-1.0,-1.0,-1.0,-1.0
14.35,-0.20675022727272727,0.9999999999968144,2.312410538387765e-47,4,150.023,3.07032,-0.64345,135.218,139.177,139.429,139.429,-0.0694091,565.937,-0.106041,11736.7,0.0,8.24761,15.1397,20.68,27.9062,33.781,37.2106,39.1876,41.0055,42.3569,43.753,45.1953,46.6851,48.8525,51.4505,56.6875,68.7257,94.2308,25.0585,8.88685,-1.0,-1.0,-1.0,-1.0,-1.0
14.37,-0.20508977272727272,0.9999999999976108,1.5030668499520473e-47,4,150.585,4.0308,-0.569655,135.698,139.538,140.291,140.291,-0.0523512,566.766,-0.0899442,11809.0,0.0,8.22403,15.4311,21.4087,29.0195,35.1274,38.6972,40.7555,42.6498,44.058,45.5135,47.0171,48.5709,50.8317,53.5426,59.0099,71.588,98.2708,23.8103,8.87403,-1.0,-1.0,-1.0,-1.0,-1.0
14.39,-0.20346181818181822,0.9999999999982081,9.769934524688307e-48,4,151.136,4.84553,-0.499659,136.181,139.9,141.109,141.109,-0.0366538,567.6,-0.0744212,11877.7,0.0,8.20868,15.7479,22.2031,30.1152,36.4591,40.171,42.3125,44.2842,45.7497,47.2654,48.8315,50.45,52.8057,55.6314,61.3321,74.4581,102.335,22.7568,8.85735,-1.0,-1.0,-1.0,-1.0,-1.0
14.41,-0.2018575,0.9999999999986561,6.3504574410474e-48,4,151.679,5.53361,-0.437656,136.668,140.26,141.882,141.882,-0.0223499,568.437,-0.0595067,11942.6,0.0,8.20167,16.0906,22.9963,31.1884,37.7697,41.6241,43.8496,45.8986,47.4226,48.9983,50.6274,52.3108,54.7623,57.7032,63.6395,77.3171,106.398,21.8516,8.83682,-1.0,-1.0,-1.0,-1.0,-1.0
14.43,-0.20026500000000003,0.999999999998992,4.1277973366808097e-48,4,152.218,6.10486,-0.383229,137.158,140.618,142.603,142.603,-0.00947094,569.279,-0.0452169,12002.6,0.0,8.20323,16.4599,23.764,32.2353,39.0527,43.0497,45.3584,47.4848,49.0669,50.7031,52.3952,54.1438,56.6908,59.7472,65.9189,80.1497,110.437,21.0625,8.81225,-1.0,-1.0,-1.0,-1.0,-1.0
14.45,-0.19866659090909095,0.999999999999244,2.6830682688425264e-48,4,152.759,6.55924,-0.331957,137.66,140.983,143.232,143.232,0.0019269,570.124,-0.0315903,12055.6,0.0,8.2136,16.856,24.5038,33.2476,40.2977,44.4357,46.8268,49.0303,50.6697,52.366,54.1197,55.9331,58.5747,61.7459,68.1513,82.9306,114.417,20.3683,8.78344,-1.0,-1.0,-1.0,-1.0,-1.0
14.47,-0.1970740909090909,0.999999999999433,1.7439943747476422e-48,4,153.298,6.90616,-0.289658,138.171,141.351,143.848,143.848,0.0118303,570.973,-0.0186361,12107.4,0.0,8.2329,17.2792,25.2117,34.2214,41.4987,45.7741,48.2465,50.5251,52.2209,53.9759,55.7908,57.668,60.4026,63.6862,70.3217,85.6427,118.313,19.7525,8.75025,-1.0,-1.0,-1.0,-1.0,-1.0
14.49,-0.1954786363636364,0.9999999999995748,1.1335963435859675e-48,4,153.838,7.15946,-0.256942,138.692,141.733,144.443,144.443,0.0202107,571.826,-0.00631124,12157.3,0.0,8.26181,17.7314,25.8904,35.1566,42.6557,47.0663,49.6176,51.97,53.7213,55.5336,57.4087,59.3479,62.1742,65.5686,72.4308,88.285,122.124,19.199,8.71193,-1.0,-1.0,-1.0,-1.0,-1.0
14.51,-0.1938743181818182,0.9999999999996811,7.36837623330879e-49,4,154.381,7.33079,-0.232219,139.221,142.131,145.003,145.003,0.0270737,572.682,0.00544327,12204.3,0.0,8.30086,18.183,26.5421,36.058,43.7729,48.3151,50.944,53.3688,55.1745,57.0434,58.9772,60.9777,63.8938,67.3975,74.4823,90.8616,39.7257,18.6956,8.66796,-1.0,-1.0,-1.0,-1.0,-1.0
14.53,-0.1922611363636364,0.9999999999997609,4.789444551650713e-49,4,154.927,7.43114,-0.215094,139.753,142.542,145.523,145.523,0.0324004,573.542,0.0166857,12247.9,0.0,8.35085,18.6185,27.1702,36.9287,44.8552,49.5266,52.2316,54.7273,56.5861,58.5107,60.5024,62.5631,65.5679,69.1785,76.4831,93.3812,34.9754,18.232,8.61763,-1.0,-1.0,-1.0,-1.0,-1.0
14.55,-0.19063613636363635,0.9999999999998206,3.1131389585729637e-49,4,155.477,7.46838,-0.204312,140.296,142.969,146.011,146.011,0.0362158,574.405,0.027455,12288.8,0.0,8.41208,19.038,27.777,37.7713,45.904,50.7023,53.4816,56.047,57.9584,59.9375,61.9858,64.106,67.198,70.9141,78.4348,95.8446,32.3673,17.8017,8.5608,-1.0,-1.0,-1.0,-1.0,-1.0
14.57,-0.07063613636363636,0.9999999999998654,2.0235403230724267e-49,4,156.031,7.45057,-0.197076,140.842,143.412,146.471,146.471,0.0384727,575.271,0.0378224,12327.5,0.0,8.48578,19.4471,28.3673,38.593,46.9289,51.8517,54.705,57.3393,59.3023,61.3353,63.4401,65.6189,68.7968,72.6175,80.3523,98.2693,30.4833,17.3966,8.49653,-1.0,-1.0,-1.0,-1.0,-1.0
14.59,0.0,0.9999999999998991,1.3153012099970774e-49,4,156.595,7.4385,-0.193542,141.872,144.25,146.891,146.891,0.0392478,576.141,0.047362,12362.8,0.0,8.56748,19.8195,28.8984,39.3286,47.8475,52.8837,55.8042,58.5011,60.5117,62.5941,64.7507,66.9832,70.2404,74.1577,82.0917,100.48,29.0994,17.0352,8.42871,-1.0,-1.0,-1.0,-1.0,-1.0
14.61,0.0,0.9999999999999243,8.549457864981003e-50,4,157.206,7.30627,-0.19676,143.011,144.873,147.195,147.195,0.0386946,577.013,0.0546429,12387.2,0.0,8.64182,20.0708,29.2214,39.758,48.3829,53.4884,56.451,59.1885,61.2294,63.344,65.5346,67.803,71.1135,75.0963,83.1664,101.889,28.3536,16.7821,8.36903,-1.0,-1.0,-1.0,-1.0,-1.0
14.63,0.0,0.9999999999999432,5.557147612237653e-50,4,157.868,6.79729,-0.200338,143.944,145.213,147.299,147.299,0.0369124,577.89,0.0593316,12395.5,0.0,8.70347,20.1792,29.2969,39.82,48.4558,53.5761,56.5501,59.2989,61.3497,63.4751,65.6778,67.9597,71.2903,75.2995,83.4295,102.313,28.1849,16.6481,8.31979,-1.0,-1.0,-1.0,-1.0,-1.0
14.65,0.0,0.9999999999999574,3.6121459479544744e-50,4,158.549,6.03956,-0.204746,144.805,145.6,147.334,147.334,0.0339357,578.769,0.0620982,12398.3,0.0,8.7577,20.1822,29.191,39.61,48.1843,53.2778,56.2392,58.9782,61.0221,63.1422,65.3396,67.6168,70.943,74.9487,83.0785,101.99,28.4289,16.6015,8.27562,-1.0,-1.0,-1.0,-1.0,-1.0
14.67,0.0,0.999999999999968,2.3478948661704085e-50,4,159.238,5.14964,-0.209603,145.623,146.057,147.382,147.382,0.0298327,579.652,0.0634419,12402.5,0.0,8.8083,20.1091,28.9556,39.2051,47.6642,52.6992,55.6297,58.3421,60.3676,62.4693,64.6489,66.908,70.2105,74.1897,82.2736,101.11,29.0252,16.6229,8.23302,-1.0,-1.0,-1.0,-1.0,-1.0
14.69,0.0,0.999999999999976,1.5261316630107656e-50,4,159.926,4.23043,-0.220831,146.398,146.567,147.514,147.514,0.0247162,580.539,0.0637891,12414.1,0.0,8.85825,19.9853,28.6348,38.6711,46.9778,51.9324,54.8194,57.4935,59.4916,61.5661,63.7181,65.9503,69.2146,73.1514,81.1564,99.8446,29.9617,16.6963,8.18961,-1.0,-1.0,-1.0,-1.0,-1.0
14.71,0.0,0.999999999999982,9.919855809569977e-51,4,160.606,3.3603,-0.2355,147.129,147.122,147.768,147.768,0.0187411,581.429,0.0635173,12436.0,0.0,8.90977,19.8311,28.2657,38.0644,46.1967,51.0576,53.893,56.5218,58.487,60.5284,62.6474,64.8465,68.0641,71.9471,79.8532,98.3462,31.2667,16.8102,8.1438,-1.0,-1.0,-1.0,-1.0,-1.0
14.73,0.0,0.9999999999999865,6.447906276220486e-51,4,161.277,2.59808,-0.250411,147.809,147.713,148.14,148.14,0.0120106,582.323,0.0629746,12467.7,0.0,8.96168,19.6641,27.8808,37.4347,45.3843,50.1454,52.9262,55.5059,57.4361,59.442,61.5251,63.6884,66.8554,70.6805,78.4771,96.7522,33.0117,16.9525,8.09387,-1.0,-1.0,-1.0,-1.0,-1.0
14.75,0.0,0.9999999999999898,4.191139079543316e-51,4,161.936,1.97323,-0.273367,148.447,148.324,148.674,148.674,0.00470797,583.22,0.0623862,12513.6,0.0,9.00687,19.4933,27.4975,36.8099,44.577,49.238,51.9636,54.4942,56.3888,58.3583,60.4053,62.5319,65.6476,69.4131,77.0979,95.1496,35.4254,17.1156,8.03998,-1.0,-1.0,-1.0,-1.0,-1.0
14.77,0.0,0.9999999999999923,2.7242404017031557e-51,4,162.593,1.48274,-0.300636,149.053,148.939,149.216,149.216,-0.0030694,584.12,0.0618584,12558.6,0.0,9.04534,19.3224,27.1229,36.2013,43.7903,48.353,51.0241,53.5061,55.3652,57.2996,59.3102,61.4008,64.4652,68.1724,75.7458,93.576,39.4107,17.2975,7.98921,-1.0,-1.0,-1.0,-1.0,-1.0
14.79,-0.12,0.9999999999999942,1.7707562611070513e-51,4,163.252,1.10447,-0.319381,149.653,149.559,149.709,149.709,-0.0111974,585.024,0.0614268,12600.1,0.0,9.07638,19.1514,26.7567,35.6102,43.0264,47.4935,50.1114,52.5458,54.3705,56.2697,58.2452,60.3005,63.3149,66.9641,74.4285,92.042,133.286,17.5001,7.94524,-1.0,-1.0,-1.0,-1.0,-1.0
14.81,-0.16575886363636366,0.9999999999999957,1.1509915697195835e-51,4,163.897,0.643296,-0.331955,149.898,150.171,150.241,150.241,-0.019787,585.932,0.0630633,12645.2,0.0,9.12031,19.0722,26.5581,35.2785,42.5971,47.0127,49.6028,52.013,53.8205,55.7027,57.6615,59.6999,62.6914,66.3156,73.7366,91.2798,132.515,17.5972,7.89288,-1.0,-1.0,-1.0,-1.0,-1.0
14.83,-0.16394181818181816,0.9999999999999968,7.481445203177293e-52,4,164.512,0.663888,-0.340213,149.949,151.049,150.865,150.865,-0.0291566,586.842,0.0689375,12698.2,0.0,9.20072,19.1849,26.6992,35.4688,42.8424,47.2968,49.9115,52.3456,54.172,56.0739,58.054,60.1153,63.1412,66.8089,74.3235,92.1063,134.603,17.4368,7.8133,-1.0,-1.0,-1.0,-1.0,-1.0
14.85,-0.043941818181818165,0.9999999999999976,4.86293938206524e-52,4,165.112,1.1111,-0.35901,150.146,151.98,151.577,151.577,-0.0394213,587.756,0.0777652,12758.3,0.0,9.30647,19.4329,27.0817,36.0318,43.5718,48.1315,50.8093,53.3029,55.1743,57.1236,59.1535,61.2668,64.3696,68.1315,75.8413,94.0942,41.4988,17.1018,7.71485,-1.0,-1.0,-1.0,-1.0,-1.0
14.87,0.0,0.9999999999999982,3.1609105983424062e-52,4,165.724,1.87847,-0.37451,150.841,152.838,152.251,152.251,-0.0504138,588.674,0.0830199,12814.3,0.0,9.40767,19.6753,27.4586,36.5909,44.2996,48.9662,51.7082,54.2624,56.1795,58.1769,60.2575,62.4235,65.6049,69.4624,77.3704,96.1025,36.5882,16.7871,7.62081,-1.0,-1.0,-1.0,-1.0,-1.0
14.89,0.0,0.9999999999999987,2.054591888922564e-52,4,166.366,2.29074,-0.384969,151.813,153.118,152.732,152.732,-0.0609093,589.597,0.0794923,12854.2,0.0,9.46953,19.7462,27.54,36.7011,44.4493,49.1463,51.9077,54.4814,56.4142,58.4283,60.5264,62.7119,65.923,69.8183,77.8088,96.7565,35.9758,16.6852,7.55693,-1.0,-1.0,-1.0,-1.0,-1.0
14.91,0.0,0.999999999999999,1.3354847277996668e-52,4,167.009,2.20412,-0.415839,152.726,153.39,153.308,153.308,-0.0705884,590.525,0.0731637,12902.9,0.0,9.49853,19.6789,27.3844,36.4497,44.1317,48.7955,51.5403,54.0996,56.0224,58.0273,60.1168,62.2941,65.4942,69.3791,77.3562,96.3026,37.4608,16.7511,7.51805,-1.0,-1.0,-1.0,-1.0,-1.0
14.93,0.0,0.9999999999999992,8.680650730697835e-53,4,167.664,1.9127,-0.442063,153.503,153.807,153.753,153.753,-0.0794207,591.457,0.0654041,12940.2,0.0,9.50828,19.5413,27.1099,36.0185,43.581,48.1797,50.8886,53.4166,55.3167,57.2988,59.3659,61.5202,64.6891,68.5387,76.4513,95.2847,41.4386,16.9125,7.49442,-1.0,-1.0,-1.0,-1.0,-1.0
14.95,0.0,0.9999999999999994,5.642422974953592e-53,4,168.319,1.56412,-0.460675,154.201,154.315,154.2,154.2,-0.0873807,592.394,0.0575206,12977.9,0.0,9.50559,19.3668,26.776,35.498,42.915,47.4321,50.0957,52.583,54.4536,56.4065,58.4433,60.5677,63.6944,67.4953,75.3176,93.9772,142.487,17.1371,7.48199,-1.0,-1.0,-1.0,-1.0,-1.0
14.97,0.0,0.9999999999999996,3.667574933719835e-53,4,168.971,1.23043,-0.472361,154.852,154.87,154.677,154.677,-0.0944544,593.334,0.0494048,13018.3,0.0,9.49384,19.1721,26.4131,34.9367,42.1959,46.624,49.238,51.6803,53.5182,55.4376,57.441,59.5318,62.6104,66.3564,74.0747,92.5298,140.649,17.4089,7.47918,-1.0,-1.0,-1.0,-1.0,-1.0
14.99,0.0,0.9999999999999997,2.383923706917893e-53,4,169.62,0.942924,-0.483641,155.471,155.446,155.189,155.189,-0.100554,594.279,0.041104,13061.3,0.0,9.47441,18.9661,26.0373,34.3592,41.4565,45.7929,48.3547,50.7503,52.5543,54.4392,56.4075,58.4626,61.4909,65.1788,72.7872,91.0224,138.604,17.721,7.48485,-1.0,-1.0,-1.0,-1.0,-1.0
15.01,0.0,0.9999999999999998,1.5495504094966305e-53,4,170.267,0.708202,-0.489238,156.076,156.035,155.706,155.706,-0.10562,595.228,0.0329019,13104.8,0.0,9.44796,18.7531,25.6559,33.7771,40.7125,44.9558,47.4657,49.8141,51.5836,53.4333,55.3658,57.3846,60.3621,63.9903,71.4853,89.4952,136.37,18.0712,7.49885,-1.0,-1.0,-1.0,-1.0,-1.0
15.03,0.0,0.9999999999999998,1.0072077661728099e-53,4,170.913,0.523735,-0.490015,156.673,156.629,156.236,156.236,-0.109636,596.18,0.0251571,13149.6,0.0,9.41475,18.5343,25.2717,33.1949,39.9702,44.1216,46.5789,48.8804,50.6149,52.4299,54.3266,56.3088,59.2351,62.8031,70.1846,87.9656,134.096,18.4602,7.52169,-1.0,-1.0,-1.0,-1.0,-1.0
15.05,0.0,0.9999999999999998,6.546850480123265e-54,4,171.555,0.38299,-0.492475,157.262,157.223,156.804,156.804,-0.112606,597.137,0.0174057,13197.5,0.0,9.37505,18.3107,24.8857,32.6148,39.232,43.2923,45.698,47.9526,49.6529,51.4325,53.2935,55.24,58.1141,61.623,68.89,86.442,131.842,18.8906,7.55326,-1.0,-1.0,-1.0,-1.0,-1.0
15.07,-0.12,0.9999999999999998,4.2554528120801224e-54,4,172.197,0.277691,-0.496837,157.849,157.816,157.369,157.369,-0.114466,598.097,0.00965517,13245.0,0.0,9.32857,18.0816,24.4977,32.0363,38.4978,42.4681,44.8224,47.0306,48.6968,50.4413,52.267,54.1776,57.0007,60.449,67.6025,84.9246,129.613,19.3656,7.59386,-1.0,-1.0,-1.0,-1.0,-1.0
15.09,-0.1625,0.9999999999999998,2.76604432785208e-54,4,172.826,0.0175662,-0.500159,158.085,158.461,157.943,157.943,-0.115415,599.06,0.00458926,13293.5,0.0,9.2959,17.9361,24.2605,31.697,38.0808,42.0087,44.3398,46.5276,48.1799,49.91,51.7216,53.6181,56.422,59.8502,66.9685,84.2435,129.115,19.6826,7.62392,-1.0,-1.0,-1.0,-1.0,-1.0
15.11,-0.1625,0.9999999999999998,1.797928813103852e-54,4,173.429,0.269839,-0.503848,158.099,159.382,158.611,158.611,-0.115918,600.028,0.00419491,13350.3,0.0,9.30006,17.9673,24.334,31.8428,38.3058,42.2887,44.6547,46.8759,48.5542,50.3122,52.154,54.0822,56.9344,60.4232,67.6718,85.2808,132.305,19.601,7.62002,6.69853,6.69608,6.69556,6.69701,6.70038
15.13,-0.1625,0.9999999999999998,1.1686537285175038e-54,4,174.014,0.943128,-0.513125,158.256,160.32,159.376,159.376,-0.116114,600.998,0.00686615,13414.8,0.0,9.32938,18.1204,24.6232,32.3294,38.9847,43.0929,45.5357,47.8301,49.5637,51.3809,53.2845,55.2782,58.2278,61.8364,69.3369,87.5579,136.585,19.2572,7.59269,-1.0,-1.0,-1.0,-1.0,-1.0
15.15,-0.1625,0.9999999999999998,7.596249235363774e-55,4,174.589,1.76703,-0.520928,158.543,161.07,160.152,160.152,-0.116183,601.971,0.0112893,13480.1,0.0,9.3731,18.344,25.0393,33.0196,39.9375,44.2154,46.7609,49.1526,50.9607,52.8556,54.8413,56.9213,59.9991,63.7647,71.59,90.5952,140.08,18.7998,7.55292,-1.0,-1.0,-1.0,-1.0,-1.0
15.17,-0.04250000000000001,0.9999999999999998,4.937562002986453e-55,4,175.154,2.5993,-0.526005,158.91,161.674,160.913,160.913,-0.116285,602.947,0.0167538,13544.0,0.0,9.42518,18.6093,25.5322,33.8356,41.0617,45.5377,48.2031,50.7082,52.602,54.5878,56.6686,58.8483,62.0734,66.0192,74.2183,94.1319,142.963,18.3103,7.50715,-1.0,-1.0,-1.0,-1.0,-1.0
15.19,0.0,0.9999999999999998,3.2094153019411944e-55,4,175.732,3.50026,-0.532955,159.76,162.293,161.575,161.575,-0.116389,603.927,0.0207717,13598.6,0.0,9.46623,18.8248,25.9401,34.5221,42.0168,46.6675,49.4379,52.0431,54.0131,56.0786,58.2439,60.5118,63.8683,67.9749,76.5071,97.3981,144.862,17.9477,7.47244,-1.0,-1.0,-1.0,-1.0,-1.0
15.21,0.0,0.9999999999999998,2.0861199462617764e-55,4,176.355,3.85814,-0.539297,160.825,162.454,161.951,161.951,-0.116257,604.91,0.0204789,13629.4,0.0,9.46759,18.8579,26.0248,34.6971,42.2917,47.0117,49.826,52.4732,54.4758,56.5765,58.779,61.0868,64.5028,68.6846,77.3768,98.8635,145.294,17.8945,7.47199,-1.0,-1.0,-1.0,-1.0,-1.0
15.23,0.0,0.9999999999999998,1.3559779650701546e-55,4,176.999,3.58363,-0.544391,161.802,162.643,162.228,162.228,-0.115878,605.896,0.0172154,13652.7,0.0,9.43721,18.7451,25.8483,34.456,42.0093,46.7107,49.5165,52.158,54.1569,56.2549,58.4551,60.762,64.1784,68.3628,77.0699,98.7109,144.749,18.0755,7.49882,-1.0,-1.0,-1.0,-1.0,-1.0
15.25,0.0,0.9999999999999998,8.813856772956005e-56,4,177.645,3.03908,-0.549246,162.635,162.996,162.551,162.551,-0.115245,606.886,0.0120818,13680.2,0.0,9.38907,18.5528,25.5299,33.9872,41.4202,46.0541,48.8218,51.4298,53.4041,55.4781,57.6539,59.9362,63.3185,67.4648,76.1031,97.6193,143.689,18.3968,7.54226,-1.0,-1.0,-1.0,-1.0,-1.0
15.27,0.0,0.9999999999999998,5.729006902421403e-56,4,178.289,2.43237,-0.555665,163.363,163.459,162.942,162.942,-0.114232,607.88,0.00593918,13713.3,0.0,9.33049,18.3198,25.1404,33.405,40.6773,45.2177,47.9324,50.4921,52.4317,54.4694,56.6088,58.8536,62.1838,66.2697,74.7948,96.034,142.356,18.8095,7.59663,-1.0,-1.0,-1.0,-1.0,-1.0
15.29,0.0,0.9999999999999998,3.7238544865739123e-56,4,178.929,1.86939,-0.560819,164.023,163.988,163.389,163.389,-0.112724,608.876,-0.00045282,13751.2,0.0,9.26546,18.0684,24.7211,32.7761,39.871,44.3066,46.9615,49.4662,51.3657,53.3624,55.4595,57.6619,60.9311,64.9461,73.3359,94.2327,140.888,19.2853,7.65916,-1.0,-1.0,-1.0,-1.0,-1.0
15.31,0.0,0.9999999999999998,2.4205054162730434e-56,4,179.564,1.39595,-0.565306,164.639,164.553,163.884,163.884,-0.110647,609.876,-0.00686294,13793.1,0.0,9.19603,17.8103,24.2935,32.1361,39.0493,43.3769,45.9701,48.4182,50.2754,52.2287,54.2822,56.4402,59.6449,63.5851,71.8311,92.3678,139.362,19.8099,7.72867,-1.0,-1.0,-1.0,-1.0,-1.0
15.33,0.0,0.9999999999999998,1.5733285205774782e-56,4,180.196,1.02173,-0.572302,165.229,165.133,164.419,164.419,-0.107869,610.879,-0.0132993,13838.0,0.0,9.12263,17.5498,23.8664,31.4997,38.2335,42.454,44.9853,47.3764,49.192,51.1023,53.1118,55.2247,58.3655,62.2299,70.3307,90.5127,137.818,20.378,7.80487,-1.0,-1.0,-1.0,-1.0,-1.0
15.35,0.0,0.9999999999999998,1.022663538375361e-56,4,180.827,0.736442,-0.578039,165.807,165.719,164.953,164.953,-0.104324,611.886,-0.0196088,13883.1,0.0,9.0452,17.2884,23.4428,30.8723,37.4309,41.5468,44.0169,46.3529,48.1271,49.9947,51.9608,54.0294,57.1063,60.8966,68.8538,88.6911,136.272,20.9894,7.88801,-1.0,-1.0,-1.0,-1.0,-1.0
15.37,0.0,0.9999999999999998,6.647312999439847e-57,4,181.457,0.524764,-0.582314,166.379,166.307,165.494,165.494,-0.099973,612.896,-0.0256079,13928.6,0.0,8.96335,17.0257,23.0223,30.2539,36.6422,40.6557,43.0664,45.3474,47.0814,48.9076,50.8309,52.8557,55.8703,59.5865,67.4018,86.9086,134.729,21.6467,7.97858,-1.0,-1.0,-1.0,-1.0,-1.0
15.39,0.0,0.9999999999999998,4.320753449635901e-57,4,182.085,0.370585,-0.587387,166.949,166.893,166.046,166.046,-0.0947673,613.909,-0.0315555,13975.1,0.0,8.87685,16.7607,22.6032,29.6426,35.8642,39.7773,42.1303,44.3579,46.052,47.8376,49.7188,51.7008,54.6529,58.2972,65.9718,85.1603,133.186,22.3564,8.07704,-1.0,-1.0,-1.0,-1.0,-1.0
15.41,0.0,0.9999999999999998,2.808489742263336e-57,4,182.712,0.259757,-0.592225,167.519,167.477,166.591,166.591,-0.0886536,614.925,-0.0374621,14020.9,0.0,8.78527,16.4922,22.1841,29.0353,35.0941,38.909,41.2045,43.3793,45.0348,46.7796,48.6197,50.559,53.4503,57.0226,64.5586,83.4375,131.641,23.1244,8.18406,-1.0,-1.0,-1.0,-1.0,-1.0
15.43,0.0,0.9999999999999998,1.8255183324711683e-57,4,183.338,0.180804,-0.59567,168.089,168.058,167.132,167.132,-0.081632,615.943,-0.0430325,14066.4,0.0,8.68834,16.2197,21.7635,28.4304,34.3291,38.0472,40.2864,42.4095,44.0256,45.7312,47.53,49.4274,52.2583,55.7593,63.1571,81.733,130.088,23.9591,8.29994,-1.0,-1.0,-1.0,-1.0,-1.0
15.45,0.0,0.9999999999999998,1.1865869161062595e-57,4,183.963,0.125146,-0.598729,168.66,168.638,167.677,167.677,-0.073705,616.965,-0.0485752,14112.3,0.0,8.58601,15.9426,21.3403,27.8257,33.5669,37.1894,39.373,41.4444,43.0226,44.6884,46.4467,48.3022,51.0724,54.5027,61.7629,80.0413,128.525,24.8681,8.42491,-1.0,-1.0,-1.0,-1.0,-1.0
15.47,0.0,0.9999999999999998,7.712814954690687e-58,4,184.587,0.0861254,-0.602057,169.23,169.214,168.221,168.221,-0.0648575,617.99,-0.0541075,14158.0,0.0,8.47826,15.6602,20.9138,27.2204,32.8063,36.3343,38.4623,40.4822,42.0224,43.6492,45.3668,47.1805,49.8912,53.2498,60.3719,78.3572,126.945,25.861,8.55926,-1.0,-1.0,-1.0,-1.0,-1.0
15.49,0.0,0.9999999999999998,5.013329720548947e-58,4,185.211,0.0589642,-0.604468,169.801,169.79,168.761,168.761,-0.0550715,619.018,-0.0594314,14203.5,0.0,8.36486,15.3723,20.4829,26.6128,32.0448,35.4791,37.5523,39.5211,41.0233,42.6111,44.288,46.0605,48.7102,51.998,58.9809,76.6778,125.344,26.9504,8.70351,-1.0,-1.0,-1.0,-1.0,-1.0
15.51,0.0,0.9999999999999998,3.258664318356816e-58,4,185.833,0.0401669,-0.606337,170.371,170.364,169.304,169.304,-0.04437,620.048,-0.0646747,14249.2,0.0,8.24577,15.0789,20.0478,26.0027,31.2821,34.6231,36.6415,38.5601,40.0243,41.5726,43.2094,44.9399,47.5296,50.7459,57.5894,74.9967,123.72,28.1488,8.8576,-1.0,-1.0,-1.0,-1.0,-1.0
15.53,0.0,0.9999999999999998,2.1181318069319305e-58,4,186.454,0.0271111,-0.608605,170.941,170.936,169.847,169.847,-0.0327479,621.081,-0.0699228,14294.9,0.0,8.12117,14.7795,19.6078,25.3896,30.5176,33.766,35.7298,37.5978,39.0243,40.5333,42.1297,43.8181,46.3476,49.4921,56.1949,73.3094,122.068,29.473,9.02185,-1.0,-1.0,-1.0,-1.0,-1.0
15.55,0.0,0.9999999999999998,1.376785674505755e-58,4,187.074,0.0181508,-0.610495,171.511,171.507,170.389,170.389,-0.0201899,622.117,-0.0750516,14340.5,0.0,7.99099,14.4742,19.163,24.7725,29.7506,32.9064,34.8161,36.6335,38.0221,39.492,41.0475,42.6945,45.1628,48.2348,54.7957,71.6137,120.382,30.9445,9.19648,-1.0,-1.0,-1.0,-1.0,-1.0
15.57,0.0,0.9999999999999998,8.949106884287407e-59,4,187.693,0.011949,-0.612119,172.079,172.077,170.929,170.929,-0.00673421,623.156,-0.0800565,14386.0,0.0,7.85528,14.1631,18.7131,24.1522,28.9806,32.0448,33.9001,35.6669,37.018,38.4483,39.9634,41.568,43.9754,46.9748,53.392,69.9092,118.66,32.5896,9.3814,-1.0,-1.0,-1.0,-1.0,-1.0
15.59,0.0,0.9999999999999998,5.816919474786815e-59,4,188.311,0.00769049,-0.613685,172.647,172.645,171.471,171.471,0.00763448,624.197,-0.08507,14431.5,0.0,7.71403,13.8461,18.258,23.5279,28.2078,31.1799,32.9815,34.6975,36.0107,37.402,38.8761,40.4386,42.7845,45.7108,51.9825,68.1944,116.893,34.443,9.57717,-1.0,-1.0,-1.0,-1.0,-1.0
15.61,0.0,0.9999999999999998,3.78099765861143e-59,4,188.928,0.00475596,-0.61509,173.215,173.213,172.01,172.01,0.0229162,625.24,-0.0900262,14476.9,0.0,7.56741,13.5234,17.7978,22.8993,27.4316,30.3125,32.0599,33.7257,35.0009,36.3529,37.7861,39.3062,41.5902,44.442,50.5673,66.4702,115.076,36.5556,9.78355,-1.0,-1.0,-1.0,-1.0,-1.0
15.63,0.0,0.9999999999999998,2.4576484780974293e-59,4,189.545,0.00272901,-0.616406,173.781,173.78,172.549,172.549,0.0390879,626.286,-0.0948251,14522.2,0.0,7.41541,13.1948,17.3324,22.267,26.652,29.4424,31.1356,32.7511,33.9884,35.3006,36.6929,38.1702,40.3922,43.1694,49.1461,64.7336,113.197,38.9993,10.0009,-1.0,-1.0,-1.0,-1.0,-1.0
15.65,0.0,0.9999999999999998,1.597471510763329e-59,4,190.16,0.00141015,-0.617132,174.347,174.346,173.085,173.085,0.0561574,627.335,-0.099633,14567.4,0.0,7.25801,12.8604,16.862,21.6304,25.8694,28.5689,30.2082,31.7732,32.9726,34.2453,35.5962,37.0308,39.1901,41.8918,47.719,62.9854,111.245,41.8871,10.2294,-1.0,-1.0,-1.0,-1.0,-1.0
15.67,0.0,0.9999999999999998,1.0383564819961638e-59,4,190.774,0.00050927,-0.617555,174.911,174.911,173.622,173.622,0.0741247,628.386,-0.104428,14612.5,0.0,7.09534,12.5205,16.3866,20.9897,25.0832,27.6924,29.2777,30.7923,31.9536,33.1864,34.4964,35.8877,37.9843,40.6101,46.2859,61.2254,109.199,45.4163,10.469,-1.0,-1.0,-1.0,-1.0,-1.0
15.69,0.0,0.9999999999999998,6.749317132975065e-60,4,191.387,-0.000198493,-0.618126,175.475,175.475,174.158,174.158,0.0929743,629.439,-0.109041,14657.6,0.0,6.9275,12.175,15.906,20.345,24.2936,26.8124,28.3442,29.8084,30.9316,32.1249,33.3928,34.7409,36.7738,39.3237,44.8454,59.4521,107.029,50.0077,10.7201,-1.0,-1.0,-1.0,-1.0,-1.0
15.71,-0.12,0.9999999999999998,4.387056136433792e-60,4,192.0,-0.000745801,-0.617922,176.038,176.038,174.69,174.69,0.112699,630.495,-0.113665,14702.4,0.0,6.75439,11.8237,15.4201,19.6961,23.5004,25.9293,27.4072,28.8208,29.9059,31.0592,32.2856,33.5903,35.5594,38.032,43.3984,57.6664,104.681,56.9209,10.9827,-1.0,-1.0,-1.0,-1.0,-1.0
15.73,-0.1625,0.9999999999999998,2.851586488681965e-60,4,192.599,-0.172323,-0.617046,176.225,176.684,175.235,175.235,0.133064,631.553,-0.115777,14748.4,0.0,6.59061,11.5246,15.0277,19.1988,22.9174,25.2958,26.7454,28.1323,29.1982,30.3317,31.5376,32.8219,34.7622,37.2018,42.5085,56.6845,103.893,63.5954,11.2159,-1.0,-1.0,-1.0,-1.0,-1.0
15.75,-0.1625,0.9999999999999998,1.8535312176432774e-60,4,193.169,0.27976,-0.616609,176.157,177.615,175.866,175.866,0.153575,632.614,-0.112677,14802.1,0.0,6.45127,11.3329,14.8224,19.003,22.7514,25.1588,26.629,28.0383,29.1227,30.2771,31.5067,32.8177,34.8008,37.2985,42.744,57.3476,105.889,58.3729,11.3729,-1.0,-1.0,-1.0,-1.0,-1.0
15.77,-0.1625,0.9999999999999998,1.2047952914681304e-60,4,193.72,1.19012,-0.616294,176.253,178.531,176.59,176.59,0.173986,633.677,-0.106371,14863.2,0.0,6.32806,11.2102,14.7381,19.0039,22.8617,25.3532,26.8794,28.3456,29.4755,30.6805,31.9652,33.3368,35.4144,38.0369,43.7671,59.1762,108.55,52.2271,11.4775,-1.0,-1.0,-1.0,-1.0,-1.0
15.79,-0.1625,0.9999999999999998,7.831169394542847e-61,4,194.256,2.22244,-0.615035,176.496,179.226,177.341,177.341,0.194102,634.744,-0.0985864,14926.4,0.0,6.21365,11.122,14.7157,19.1102,23.1247,25.7339,27.3379,28.8829,30.0756,31.3487,32.7088,34.1627,36.3692,39.1578,45.2656,61.7268,110.998,47.6055,11.5545,-1.0,-1.0,-1.0,-1.0,-1.0
15.81,-0.1625,0.9999999999999998,5.0902601064528513e-61,4,194.778,3.21236,-0.613948,176.831,179.759,178.074,178.074,0.213748,635.813,-0.0901364,14987.9,0.0,6.10463,11.0506,14.7243,19.2722,23.4721,26.2211,27.9181,29.5554,30.8219,32.1766,33.6255,35.1769,37.5337,40.518,47.0679,64.9189,113.069,44.1563,11.6175,-1.0,-1.0,-1.0,-1.0,-1.0
15.83,-0.1625,0.9999999999999998,3.3086690691943534e-61,4,195.29,4.08415,-0.611507,177.219,180.196,178.754,178.754,0.232768,636.885,-0.0816839,15044.9,0.0,5.99951,10.9866,14.7466,19.4614,23.8648,26.7686,28.5669,30.3075,31.6558,33.1003,34.6481,36.3065,38.8302,42.0314,49.0648,68.7702,114.759,41.5335,11.6737,-1.0,-1.0,-1.0,-1.0,-1.0
15.85,-0.1625,0.9999999999999998,2.1506348949763298e-61,4,195.795,4.80595,-0.606686,177.643,180.584,179.386,179.386,0.25106,637.96,-0.073561,15097.9,0.0,5.89762,10.9249,14.7725,19.6605,24.279,27.3461,29.2537,31.1036,32.5403,34.0802,35.7336,37.5067,40.2088,43.6393,51.1869,73.31,116.108,39.5039,11.7265,-1.0,-1.0,-1.0,-1.0,-1.0
15.87,-0.1625,0.9999999999999998,1.3979126817346144e-61,4,196.296,5.37643,-0.603036,178.089,180.947,179.974,179.974,0.26855,639.038,-0.0657914,15147.2,0.0,5.79906,10.8632,14.7972,19.8605,24.7005,27.9381,29.9593,31.9237,33.4513,35.0925,36.855,38.748,41.6358,45.3074,53.3883,78.6328,117.161,37.8998,11.7776,-1.0,-1.0,-1.0,-1.0,-1.0
15.89,-0.1625,0.9999999999999998,9.086432431274993e-62,4,196.795,5.80209,-0.600349,178.551,181.302,180.512,180.512,0.285151,640.119,-0.0585144,15192.2,0.0,5.70409,10.8011,14.8189,20.0574,25.1222,28.5342,30.6716,32.7544,34.3769,36.121,37.9967,40.0136,43.0934,47.0114,55.6372,84.8969,117.961,36.6096,11.8273,-1.0,-1.0,-1.0,-1.0,-1.0
15.91,-0.1625,0.9999999999999998,5.906181080328746e-62,4,197.294,6.09331,-0.595456,179.026,181.663,181.005,181.005,0.300822,641.203,-0.0517758,15233.6,0.0,5.6132,10.7395,14.8382,20.2503,25.5424,29.1319,31.3889,33.5923,35.3106,37.1618,39.1527,41.2962,44.5718,48.7409,58.0245,92.306,118.549,35.5505,11.8749,-1.0,-1.0,-1.0,-1.0,-1.0
15.93,-0.1625,0.9999999999999998,3.8390177022136847e-62,4,197.793,6.27434,-0.592625,179.508,182.033,181.472,181.472,0.315542,642.29,-0.04543,15272.8,0.0,5.52692,10.6797,14.8568,20.4419,25.9634,29.7347,32.1129,34.4396,36.2575,38.2161,40.326,42.5987,46.0737,50.4979,60.6671,96.6002,118.962,34.6607,11.9197,-1.0,-1.0,-1.0,-1.0,-1.0
15.95,-0.1625,0.9999999999999998,2.495361506438895e-62,4,198.294,6.36414,-0.590988,179.994,182.417,181.907,181.907,0.329264,643.38,-0.0394672,15309.1,0.0,5.44612,10.624,14.8784,20.6363,26.3915,30.3478,32.8504,35.3039,37.2229,39.2921,41.5235,43.9285,47.6069,52.2902,63.6314,98.9686,119.23,33.8959,11.9608,-1.0,-1.0,-1.0,-1.0,-1.0
15.97,-0.1625,0.9999999999999998,1.6219849791852818e-62,4,198.797,6.37741,-0.585965,180.484,182.819,182.315,182.315,0.34199,644.473,-0.0338729,15343.5,0.0,5.37098,10.5741,14.9059,20.8399,26.8337,30.9811,33.6126,36.1958,38.2184,40.4025,42.7589,45.2986,49.1844,54.2128,67.0102,100.6,119.38,33.2207,11.997,-1.0,-1.0,-1.0,-1.0,-1.0
15.99,-0.1625,0.9999999999999998,1.0542902364704332e-62,4,199.3,6.34157,-0.582766,180.972,183.236,182.723,182.723,0.353714,645.569,-0.0284718,15377.8,0.0,5.30237,10.5331,14.9446,21.0605,27.3033,31.6491,34.4144,37.1334,39.2639,41.5673,44.0525,46.7329,50.8387,56.3895,70.9513,101.81,119.437,32.6053,12.0273,-1.0,-1.0,-1.0,-1.0,-1.0
16.012,-0.1625,0.9999999999999998,6.852886537057817e-63,4,199.855,6.26618,-0.580267,181.506,183.711,183.158,183.158,0.365417,646.778,-0.0226987,15414.3,0.0,5.23511,10.5013,15.0053,21.3324,27.8656,32.4423,35.3632,38.2392,40.4959,42.9355,45.5699,48.4095,52.8987,59.1786,76.1735,102.823,119.416,31.9737,12.0526,-1.0,-1.0,-1.0,-1.0,-1.0
16.034,-0.1625,0.9999999999999998,4.454376249087581e-63,4,200.41,6.16657,-0.573268,182.038,184.204,183.587,183.587,0.375895,647.99,-0.0170792,15450.5,0.0,5.17695,10.4859,15.0915,21.6466,28.4916,33.3179,36.4049,39.45,41.8405,44.4257,47.2172,50.292,55.3417,62.529,82.7114,103.608,119.327,31.3692,12.0682,-1.0,-1.0,-1.0,-1.0,-1.0
16.056,-0.1625,0.9999999999999998,2.8953445619069276e-63,4,200.964,6.06925,-0.568916,182.561,184.709,184.034,184.034,0.385137,649.206,-0.011402,15488.2,0.0,5.12852,10.4904,15.2091,22.0154,29.2032,34.3,37.5695,40.7964,43.3321,46.0739,49.1004,52.556,58.3094,66.6603,88.1909,104.23,80.6621,30.7761,12.0733,-1.0,-1.0,-1.0,-1.0,-1.0
16.078,-0.1625,0.9999999999999998,1.881973965239503e-63,4,201.518,5.98072,-0.563337,183.079,185.22,184.471,184.471,0.393112,650.426,-0.00570518,15524.9,0.0,5.0905,10.5173,15.3637,22.4492,30.0162,35.4123,38.8808,42.3066,44.9976,47.9801,51.3897,55.3261,61.9804,71.872,90.7933,104.73,73.1052,30.1855,12.0672,-1.0,-1.0,-1.0,-1.0,-1.0
16.1,-0.1625,0.9999999999999998,1.223283077405677e-63,4,202.07,5.90621,-0.555107,183.592,185.739,184.923,184.923,0.399836,651.649,3.73681e-05,15563.0,0.0,5.06311,10.5693,15.5606,22.9602,30.9496,36.678,40.3643,44.0066,46.9514,50.3225,54.2207,58.7764,66.6221,78.6331,92.5754,105.133,67.0686,29.5917,12.0496,-1.0,-1.0,-1.0,-1.0,-1.0
16.122,-0.1625,0.9999999999999998,7.951340003136902e-64,4,202.62,5.85594,-0.550312,184.098,186.257,185.392,185.392,0.405294,652.876,0.00597637,15602.6,0.0,5.04687,10.6481,15.8049,23.5583,32.0216,38.1172,42.0437,46.0258,49.3658,53.2343,57.7655,63.1432,72.6206,84.503,93.9309,105.457,62.0873,28.9925,12.0202,3.56973,3.56848,3.5683,3.56921,3.57117
16.144,-0.1625,0.9999999999999998,5.168371002038986e-64,4,203.17,5.82028,-0.541183,184.602,186.774,185.841,185.841,0.40948,654.106,0.0119731,15640.3,0.0,5.04191,10.7551,16.099,24.2503,33.2436,39.7463,43.9973,48.519,52.3692,56.8871,62.2635,68.7687,80.2218,87.2118,95.0057,105.711,57.8776,28.3894,11.9797,-1.0,-1.0,-1.0,-1.0,-1.0
16.166,-0.1625,0.9999999999999998,3.359441151325341e-64,4,203.717,5.80251,-0.532431,185.102,187.29,186.314,186.314,0.412379,655.34,0.0180861,15680.2,0.0,5.0488,10.8925,16.4494,25.0503,34.6363,41.6075,46.4107,51.6356,56.1565,61.5479,68.0933,76.2022,84.0851,89.0566,95.88,105.902,54.247,27.7822,11.9275,-1.0,-1.0,-1.0,-1.0,-1.0
16.188,-0.04250000000000001,0.9999999999999998,2.183636748361472e-64,4,204.262,5.80226,-0.526719,185.598,187.8,186.79,186.79,0.413971,656.578,0.0243394,15720.0,0.0,5.06758,11.0619,16.8587,25.965,36.2112,43.8736,49.4155,55.5651,60.9923,67.6006,75.8227,81.6029,86.331,90.4491,96.5942,106.034,51.0696,27.1723,11.8643,-1.0,-1.0,-1.0,-1.0,-1.0
16.21,0.0,0.9999999999999998,1.4193638864349568e-64,4,204.834,5.85779,-0.514751,186.688,188.608,187.168,187.168,0.414393,657.818,0.0291097,15751.3,0.0,5.08946,11.213,17.215,26.7564,37.5726,46.0596,52.3859,59.5514,66.0084,74.0393,80.0667,83.6334,87.5143,91.1772,96.8755,105.879,48.791,26.701,11.8094,-1.0,-1.0,-1.0,-1.0,-1.0
16.232,0.0,0.9999999999999998,9.22586526182722e-65,4,205.471,5.42128,-0.506769,187.842,188.915,187.384,187.384,0.414007,659.063,0.0297582,15769.0,0.0,5.09651,11.2467,17.2933,26.9396,37.9319,46.8577,53.5999,61.3314,68.384,76.2688,80.5691,83.7102,87.3023,90.7783,96.2713,105.06,48.0886,26.5988,11.797,-1.0,-1.0,-1.0,-1.0,-1.0
16.254,0.0,0.9999999999999998,5.996812420187693e-65,4,206.137,4.41547,-0.499152,188.825,189.172,187.565,187.565,0.412994,660.312,0.0270383,15784.4,0.0,5.09122,11.1832,17.1395,26.609,37.4225,46.3237,53.0722,60.8362,67.9428,75.4924,79.5776,82.6312,86.1536,89.5778,95.0086,103.729,48.4871,26.786,11.8188,-1.0,-1.0,-1.0,-1.0,-1.0
16.276,0.0,0.9999999999999998,3.897928073122e-65,4,206.8,3.29205,-0.487171,189.643,189.598,187.866,187.866,0.411616,661.564,0.0226619,15810.4,0.0,5.0807,11.0758,16.8827,26.0506,36.5105,45.1577,51.7035,59.2246,66.1004,73.7596,77.9606,81.0447,84.5812,88.0094,93.4388,102.156,49.3909,27.1179,11.8568,-1.0,-1.0,-1.0,-1.0,-1.0
16.298,0.0,0.9999999999999998,2.5336532475293002e-65,4,207.454,2.30782,-0.480509,190.331,190.137,188.302,188.302,0.410116,662.821,0.0178253,15847.5,0.0,5.06869,10.9573,16.5988,25.435,35.4973,43.8246,50.1087,57.3085,63.8695,71.6648,76.133,79.2898,82.8684,86.3184,91.7655,100.499,50.4619,27.5093,11.9006,-1.0,-1.0,-1.0,-1.0,-1.0
16.32,0.0,0.9999999999999998,1.6468746108940452e-65,4,208.104,1.54645,-0.468228,190.947,190.732,188.774,188.774,0.408752,664.081,0.0129587,15887.4,0.0,5.0558,10.8394,16.3221,24.8399,34.5206,42.5417,48.5761,55.4694,61.7329,69.4872,74.2997,77.5345,81.1559,84.6269,90.0895,98.8363,51.5298,27.9164,11.9463,-1.0,-1.0,-1.0,-1.0,-1.0
16.342,0.0,0.9999999999999998,1.0704684970811296e-65,4,208.746,1.0035,-0.456913,191.527,191.345,189.319,189.319,0.407756,665.346,0.00831288,15933.3,0.0,5.04112,10.7246,16.0597,24.2845,33.6215,41.3734,47.1905,53.8204,59.83,67.3569,72.546,75.8448,79.4974,82.9808,88.4491,97.1981,52.5258,28.3239,11.993,-1.0,-1.0,-1.0,-1.0,-1.0
16.364,0.0,0.9999999999999998,6.958045231027342e-66,4,209.387,0.635648,-0.449204,192.095,191.958,189.87,189.87,0.407252,666.615,0.00395363,15979.4,0.0,5.02382,10.6113,15.8087,23.7663,32.7964,40.3159,45.9476,52.3549,58.1533,65.4014,70.8885,74.2316,77.9001,81.3861,86.8494,95.5883,53.4367,28.7298,12.0415,-1.0,-1.0,-1.0,-1.0,-1.0
16.386,0.0,0.9999999999999998,4.5227294001677725e-66,4,210.025,0.393824,-0.432283,192.666,192.569,190.412,190.412,0.407359,667.887,-0.000223462,16025.3,0.0,5.00271,10.4964,15.5637,23.2723,32.0284,39.3425,44.814,51.0316,56.652,63.6677,69.3167,72.6834,76.354,79.8339,85.2824,94.0016,54.276,29.1346,12.0932,-1.0,-1.0,-1.0,-1.0,-1.0
16.408,0.0,0.9999999999999998,2.9397741101090523e-66,4,210.661,0.239896,-0.420466,193.235,193.17,190.98,190.98,0.408147,669.164,-0.00418407,16073.2,0.0,4.97696,10.3768,15.3196,22.7929,31.301,38.4308,43.759,49.8101,55.2745,62.0918,67.8103,71.1833,74.8456,78.3125,83.739,92.4301,55.0594,29.5252,12.1491,-1.0,-1.0,-1.0,-1.0,-1.0
16.43,0.0,0.9999999999999998,1.910853171570884e-66,4,211.298,0.14363,-0.407199,193.808,193.765,191.52,191.52,0.409637,670.444,-0.00802356,16118.5,0.0,4.94637,10.2517,15.0721,22.3204,30.6007,37.5594,42.7565,48.6555,53.9802,60.6198,66.3495,69.7157,73.3615,76.8103,82.2093,90.8668,55.8019,29.9039,12.2102,-1.0,-1.0,-1.0,-1.0,-1.0
16.452,0.0,0.9999999999999998,1.2420545615210747e-66,4,211.931,0.0845287,-0.389861,194.384,194.357,192.077,192.077,0.411886,671.729,-0.0117887,16165.4,0.0,4.91012,10.1186,14.8187,21.8484,29.9167,36.7119,41.7858,47.5428,52.7384,59.2136,64.9183,68.2687,71.8921,75.319,80.6872,89.3067,56.5198,30.2759,12.2772,-1.0,-1.0,-1.0,-1.0,-1.0
16.474,0.0,0.9999999999999998,8.073354649886985e-67,4,212.563,0.0489988,-0.379228,194.959,194.943,192.643,192.643,0.414897,673.017,-0.0154288,16213.0,0.0,4.86827,9.97743,14.5574,21.3732,29.2425,35.8803,40.8353,46.4568,51.5294,57.8488,63.5046,66.8325,70.4298,73.8328,79.167,87.7454,57.2198,30.6429,12.3507,-1.0,-1.0,-1.0,-1.0,-1.0
16.496,-0.12,0.9999999999999998,5.2476805224265404e-67,4,213.195,0.027971,-0.359119,195.539,195.529,193.169,193.169,0.41866,674.309,-0.019049,16257.3,0.0,4.82074,9.82761,14.2873,20.8928,28.5744,35.0579,39.8971,45.3867,50.3391,56.5089,62.101,65.4022,68.9705,72.3475,77.6455,86.1808,57.909,31.0072,12.4309,-1.0,-1.0,-1.0,-1.0,-1.0
16.518,-0.1625,0.9999999999999998,3.4109923395772514e-67,4,213.807,-0.099928,-0.342744,195.64,196.264,193.746,193.746,0.422872,675.605,-0.019192,16306.2,0.0,4.78554,9.75801,14.1929,20.7801,28.6116,35.3029,40.3476,46.1212,51.3779,57.8809,62.114,65.0544,68.388,71.6139,76.7459,85.1065,57.1766,30.9662,12.4685,-1.0,-1.0,-1.0,-1.0,-1.0
16.54,-0.1625,0.9999999999999998,2.2171450207252135e-67,4,214.383,0.666401,-0.328022,195.482,197.281,194.411,194.411,0.426824,676.904,-0.0129789,16362.4,0.0,4.78124,9.852,14.4437,21.4131,30.1076,37.8274,43.836,50.9204,57.2261,61.1214,63.9472,66.3227,69.2185,72.1403,76.9247,84.9069,54.0994,30.2074,12.4183,-1.0,-1.0,-1.0,-1.0,-1.0
16.562,-0.04250000000000001,0.7499999999999998,1.4411442634713888e-67,4,214.931,1.93988,-0.306701,195.556,198.188,195.183,195.183,0.430145,678.207,-0.00322181,16427.7,0.0,4.79906,10.0554,14.9301,22.6364,32.9055,42.6208,50.6036,58.1956,61.32,63.8362,66.0281,68.0081,70.5323,73.161,77.5792,85.1284,50.246,29.1176,12.3169,-1.0,-1.0,-1.0,-1.0,-1.0
16.584,0.0,0.5624999999999998,9.367437712564027e-68,4,215.317,3.2688,-0.293592,196.317,198.774,193.746,193.746,0.432739,679.513,0.00507897,16303.7,0.0,4.81661,10.2406,15.3791,23.8923,35.9821,48.2402,56.7772,60.9094,63.2511,65.3285,67.2247,68.9866,71.2806,73.7114,77.8627,85.0733,47.3256,28.2376,12.2318,-1.0,-1.0,-1.0,-1.0,-1.0
16.606,0.0,0.42187499999999983,6.0888345131666175e-68,4,215.485,3.49498,-0.2679,197.249,198.463,192.439,192.439,0.434916,680.821,0.00710648,16193.4,0.0,4.80813,10.2632,15.468,24.3474,37.3633,51.0723,57.5688,61.0861,63.209,65.1344,66.9167,68.5878,70.7807,73.1201,77.1429,84.1852,46.259,27.95,12.2235,-1.0,-1.0,-1.0,-1.0,-1.0
16.628,0.0,0.3164062499999999,3.957742433558301e-68,4,215.472,2.84074,-0.247122,197.777,198.094,191.492,191.492,0.436783,682.129,0.0049631,16113.6,0.0,4.78232,10.1738,15.3143,24.1804,37.2763,51.131,56.757,60.0988,62.1461,64.015,65.7522,67.3861,69.5359,71.8353,75.8004,82.768,46.2483,28.0212,12.2652,-1.0,-1.0,-1.0,-1.0,-1.0
16.65,0.0,0.23730468749999992,2.5725325818128957e-68,4,215.323,2.04039,-0.229787,197.886,197.84,190.701,190.701,0.438517,683.436,0.00132292,16046.7,0.0,4.75072,10.0463,15.0839,23.7988,36.6465,50.1309,55.4808,58.7425,60.7513,62.5894,64.3011,65.9132,68.0369,70.3118,74.2409,81.1631,46.5957,28.2127,12.3254,-1.0,-1.0,-1.0,-1.0,-1.0
16.672,0.0,0.17797851562499994,1.6721461781783822e-68,4,215.07,1.36719,-0.198605,197.744,197.604,190.027,189.999,0.440343,684.743,-0.00268299,15988.6,0.0,4.71699,9.91071,14.8481,23.3868,35.9241,48.967,54.1229,57.3186,59.2942,61.1057,62.7947,64.3873,66.4876,68.7398,72.6359,79.5166,47.0171,28.425,12.3913,-1.0,-1.0,-1.0,-1.0,-1.0
16.694,0.0,0.13348388671874994,1.0868950158159486e-68,4,214.742,0.882632,-0.176462,197.469,197.337,189.453,189.304,0.442459,686.047,-0.00655395,15935.0,0.0,4.68159,9.77533,14.6277,23.0044,35.2574,47.8686,52.8057,55.9272,57.8659,59.6477,61.3118,62.8829,64.9576,67.1854,71.0454,77.8803,47.418,28.6244,12.4593,-1.0,-1.0,-1.0,-1.0,-1.0
16.716,0.0,0.10011291503906246,0.35,4,214.357,0.54832,-0.140835,197.124,197.016,188.894,188.66,0.445002,687.35,-0.0102986,15884.2,0.0,4.64374,9.64556,14.4228,22.6538,34.6566,46.8421,51.5392,54.5774,56.475,58.2238,59.8603,61.4079,63.4546,65.6554,69.4759,76.2601,48.1579,28.8083,12.5258,-1.0,-1.0,-1.0,-1.0,-1.0
16.738,0.0,0.07508468627929685,0.5774999999999999,4,213.245,0.326117,-0.109973,190.313,190.23,186.01,185.702,0.448054,688.648,-0.0139125,15634.5,0.0,4.60244,9.52186,14.2293,22.3269,34.1065,45.8606,50.3131,53.2621,55.1157,56.8292,58.4363,59.9587,61.9753,64.1475,67.9257,74.6551,84.2073,28.9803,12.5894,-1.0,-1.0,-1.0,-1.0,-1.0
16.76,0.0,0.056313514709472635,0.7253749999999999,4,211.33,0.18034,-0.0915156,183.224,183.144,182.839,182.437,0.451686,689.936,-0.0173991,15361.2,0.0,4.55717,9.40205,14.0427,22.0143,33.5863,44.898,49.1157,51.9736,53.7819,55.4588,57.0355,58.5317,60.5171,62.6594,66.3937,73.0656,82.5776,29.1451,12.6512,-1.0,-1.0,-1.0,-1.0,-1.0
16.782,0.0,0.04223513603210448,0.8214937499999999,4,208.899,0.0792659,-0.0578116,175.912,175.817,179.432,178.93,0.455902,691.211,-0.0208285,15067.8,0.0,4.50777,9.28474,13.8606,21.7111,33.0843,43.942,47.9403,50.7077,52.4702,54.1102,55.6558,57.1254,59.0791,61.191,64.8802,71.4927,80.9621,29.3061,12.7118,-1.0,-1.0,-1.0,-1.0,-1.0
16.804,0.0,0.031676352024078355,0.8839709374999999,4,206.155,0.00574759,-0.0289196,168.19,168.076,175.884,175.268,0.460688,692.47,-0.0241492,14763.1,0.0,4.45503,9.17002,13.6828,21.4158,32.5975,42.9919,46.7859,49.464,51.1807,52.7837,54.2981,55.7407,57.6621,59.743,63.3863,69.938,79.3624,29.4636,12.7712,-1.0,-1.0,-1.0,-1.0,-1.0
16.826,0.0,0.023757264018058766,0.9245811093749999,4,203.186,-0.0493819,0.0303869,160.348,160.161,172.428,171.703,0.466029,693.712,-0.0273917,14467.5,0.0,4.40249,9.05715,13.5084,21.1271,32.124,42.0483,45.6525,48.2431,49.9144,51.4802,52.9632,54.3787,56.2675,58.3172,61.9138,68.4035,77.7809,29.6183,12.8298,-1.0,-1.0,-1.0,-1.0,-1.0
16.848,0.0,0.017817948013544076,0.95097772109375,4,200.043,-0.0912037,0.13797,153.017,152.807,168.93,168.112,0.471892,694.935,-0.0304235,14168.6,0.0,4.35081,8.94647,13.3378,20.8457,31.6647,41.1137,44.541,47.046,48.6722,50.2009,51.6525,53.0408,54.8968,56.9149,60.4643,66.8907,76.2191,29.7697,12.8874,-1.0,-1.0,-1.0,-1.0,-1.0
16.87,0.0,0.013363461010158057,0.9681355187109375,4,196.874,-0.123423,0.225538,144.692,144.453,165.504,164.584,0.477948,696.146,-0.0306938,13876.1,0.0,4.29983,8.83756,13.1702,20.5705,31.2176,40.1882,43.4507,45.8723,47.454,48.9458,50.3659,51.727,53.5501,55.5363,59.038,65.4001,74.6778,29.9182,12.9441,-1.0,-1.0,-1.0,-1.0,-1.0
16.892,0.0,0.010022595757618543,0.9792880871621094,4,193.656,-0.144146,0.37662,135.269,135.02,162.92,161.96,0.483933,697.338,-0.0309346,13658.5,0.0,4.24957,8.7307,13.0065,20.3029,30.7863,39.2757,42.3837,44.7238,46.2615,47.7165,49.1054,50.4391,52.229,54.1831,57.6366,63.9333,73.1584,30.0627,12.9999,-1.0,-1.0,-1.0,-1.0,-1.0
16.914,0.0,0.007516946818213907,0.9865372566553711,4,190.514,-0.159255,0.483308,124.913,124.656,159.706,158.733,0.489844,698.511,-0.0311559,13385.7,0.0,4.20002,8.62568,12.8459,20.0417,30.3673,38.3739,41.3372,43.5983,45.0926,46.5113,47.8689,49.1752,50.932,52.8538,56.2586,62.4889,71.6597,30.204,13.0547,-1.0,-1.0,-1.0,-1.0,-1.0
16.936,0.0,0.005637710113660431,0.9912492168259912,4,187.44,-0.168537,0.533051,113.443,113.172,156.352,155.294,0.495687,699.664,-0.0313442,13099.8,0.0,4.15119,8.52265,12.689,19.788,29.9636,37.4857,40.3129,42.4971,43.9486,45.3312,46.6575,47.9365,49.6601,51.5494,54.9051,61.068,70.1827,30.3409,13.1086,-1.0,-1.0,-1.0,-1.0,-1.0
16.958,0.0,0.0042282825852453226,0.9943119909368943,4,184.429,-0.172333,0.536851,100.923,100.634,153.061,151.886,0.501453,700.799,-0.0314973,12818.1,0.0,4.10313,8.4218,12.5361,19.5424,29.5764,36.6118,39.3106,41.4198,42.8291,44.176,45.4713,46.7229,48.413,50.2697,53.5758,59.6702,68.727,30.473,13.1613,-1.0,-1.0,-1.0,-1.0,-1.0
16.98,0.0,0.003171211938933992,0.9963027941089813,4,181.392,-0.170891,0.564016,88.7797,88.4018,149.833,148.544,0.507154,701.915,-0.0316146,12541.9,0.0,4.05577,8.32294,12.3869,19.3044,29.2046,35.7516,38.3294,40.3659,41.7338,43.0451,44.3095,45.5339,47.1906,49.0144,52.2705,58.2956,67.2928,30.6002,13.2129,-1.0,-1.0,-1.0,-1.0,-1.0
17.002,-0.12,0.002378408954200494,0.9975968161708378,4,178.379,-0.167012,0.583203,76.2806,75.861,146.671,145.265,0.512776,703.013,-0.0317109,12271.1,0.0,4.00914,8.22592,12.2408,19.0723,28.8442,34.9027,37.3665,39.3325,40.6598,41.9362,43.1701,44.3673,45.9906,47.7816,50.9874,56.9425,65.8786,30.7239,13.2635,-1.0,-1.0,-1.0,-1.0,-1.0
17.024,-0.1625,0.0017838067156503705,0.9984379305110446,4,175.378,-0.172341,0.620408,63.1238,62.6763,143.948,142.377,0.518299,704.093,-0.0315765,12041.0,0.0,3.96419,8.13554,12.1087,18.8724,28.5533,34.103,36.4556,38.3513,39.6376,40.8786,42.0814,43.2509,44.84,46.5972,49.7512,55.6334,64.5046,30.8898,13.31,-1.0,-1.0,-1.0,-1.0,-1.0
17.046,-0.1625,0.001337855036737778,0.998984654832179,4,172.362,-0.11098,0.714495,49.47,49.0447,141.86,140.409,0.523695,705.154,-0.0309594,11866.6,0.0,3.92206,8.0575,12.0032,18.7356,28.317,33.3906,35.6324,37.4563,38.7006,39.9049,41.0752,42.2159,43.7692,45.491,48.5905,54.3951,63.1951,31.1563,13.3486,-1.0,-1.0,-1.0,-1.0,-1.0
17.068,-0.1625,0.0010033912775533334,0.6493400256409163,4,169.447,-0.00691622,0.757556,35.4516,35.0628,138.842,137.473,0.528958,706.197,-0.0301135,11613.6,0.0,3.88181,7.98627,11.9116,18.6307,28.0348,32.7134,34.8502,36.6047,37.8075,38.9757,40.1137,41.2255,42.743,44.4291,47.4733,53.1989,61.9248,31.6002,13.3826,-1.0,-1.0,-1.0,-1.0,-1.0
17.09,-0.1625,0.000752543458165,0.42207101666659563,4,166.678,0.0905723,0.760877,34.3307,33.9823,139.979,138.813,0.53409,707.223,-0.0292943,11729.9,0.0,3.84248,7.91639,11.8215,18.5266,27.6765,32.0286,34.0692,35.7584,36.9218,38.0551,39.1621,40.2458,41.7284,43.3795,46.3693,52.0165,60.6686,32.3852,13.4159,-1.0,-1.0,-1.0,-1.0,-1.0
17.112,-0.1647986363636363,0.00056440759362375,0.27434616083328717,4,164.222,0.140769,0.744722,41.3778,41.0728,141.077,140.454,0.539099,708.233,-0.0286792,11843.0,0.0,3.80338,7.84409,11.7241,18.4016,27.2334,31.312,33.2652,34.8936,36.0199,37.1201,38.1974,39.2543,40.7032,42.3205,45.2573,50.828,59.4079,34.0691,13.4509,-1.0,-1.0,-1.0,-1.0,-1.0
17.134,-0.17109181818181818,0.00042330569521781253,0.17832500454163666,4,162.092,0.143445,0.742141,53.6314,53.3505,140.798,140.464,0.543966,709.229,-0.0282386,11828.8,0.0,3.76478,7.77034,11.6213,18.2602,26.7314,30.5725,32.4447,34.0156,35.1065,36.175,37.2237,38.2544,39.6705,41.2548,44.1397,49.6348,58.1433,68.8992,13.4872,2.74167,2.73906,2.7373,2.73636,2.73626
17.156,-0.17669363636363639,0.0003174792714133594,0.11591125295206384,4,160.196,0.127744,0.743222,68.6075,68.3743,139.89,139.642,0.548702,710.212,-0.0277532,11755.7,0.0,3.72739,7.69957,11.5237,18.1286,26.2151,29.8417,31.6368,33.1523,34.2086,35.246,36.2663,37.2713,38.6548,40.206,43.0388,48.4577,56.8934,67.6195,13.5216,-1.0,-1.0,-1.0,-1.0,-1.0
17.178,-0.18180204545454545,0.00023810945356001956,0.0753423144188415,4,158.467,0.117718,0.736919,84.8061,84.6345,138.77,138.612,0.55327,711.185,-0.0269702,11665.4,0.0,3.6924,7.63756,11.4442,18.0387,25.7237,29.1514,30.8719,32.3329,33.355,34.3612,35.3533,36.3323,37.6829,39.2006,41.9804,47.3209,55.6803,66.3721,13.5503,-1.0,-1.0,-1.0,-1.0,-1.0
17.2,-0.1865293181818182,0.00017858209017001468,0.04897250437224697,4,156.867,0.12701,0.745865,101.425,101.352,137.576,137.576,0.557627,712.148,-0.025586,11571.9,0.0,3.66119,7.59111,11.398,18.0288,25.2928,28.5339,30.1816,31.5886,32.5765,33.5516,34.515,35.4677,36.7848,38.2683,40.9934,46.2523,54.5305,65.1811,13.5685,-1.0,-1.0,-1.0,-1.0,-1.0
17.222,-0.19092568181818187,0.000133936567627511,0.03183212784196053,4,155.379,0.169293,0.749442,117.751,117.858,135.994,136.843,0.561687,713.101,-0.0230373,11474.8,0.0,3.63641,7.57319,11.415,18.1746,24.9819,28.0462,29.6225,30.9758,31.9292,32.8728,33.8072,34.733,36.0156,37.4637,40.1318,45.3046,53.4938,64.0923,13.5675,-1.0,-1.0,-1.0,-1.0,-1.0
17.244,-0.19478431818181816,0.00010045242572063325,0.020690883097274345,4,154.073,0.265141,0.740715,131.882,132.45,134.613,136.007,0.565224,714.046,-0.0180953,11382.1,0.0,3.62421,7.61378,11.5644,18.6572,24.9138,27.8097,29.3155,30.6147,31.5334,32.4447,33.3493,34.2472,35.494,36.9049,39.5126,44.5917,52.6789,63.206,13.5284,-1.0,-1.0,-1.0,-1.0,-1.0
17.266,-0.19723068181818182,7.533931929047494e-05,0.013449074013228325,4,153.245,0.540012,0.722838,138.116,139.851,133.298,135.632,0.567861,714.984,-0.00888378,11312.7,0.0,3.63468,7.76403,11.971,19.5404,25.2539,27.9922,29.4294,30.6752,31.5589,32.4377,33.3117,34.181,35.3905,36.7623,39.3054,44.2811,52.2477,62.6726,13.4235,-1.0,-1.0,-1.0,-1.0,-1.0
17.288,-0.19862818181818181,5.6504489467856206e-05,0.008741898108598411,4,152.772,1.22086,0.703548,138.552,141.273,132.387,135.606,0.569233,715.919,0.00456732,11274.2,0.0,3.67199,8.04554,12.7043,20.6382,25.9399,28.5408,29.9158,31.1124,31.9634,32.8112,33.6559,34.4975,35.6706,37.0038,39.4818,44.3498,52.1829,62.4802,13.255,-1.0,-1.0,-1.0,-1.0,-1.0
17.31,-0.1998425,4.237836710089216e-05,0.005682233770588968,4,152.361,2.11856,0.675677,138.124,141.368,131.77,135.481,0.569165,716.851,0.0203487,11243.1,0.0,3.73248,8.44053,13.7525,21.751,26.7469,29.2342,30.5563,31.7099,32.5319,33.3522,34.1707,34.9873,36.1271,37.4246,39.8414,44.6057,52.3047,62.4657,13.0519,-1.0,-1.0,-1.0,-1.0,-1.0
17.332,-0.20104204545454543,3.178377532566912e-05,0.003693451950882829,4,151.955,3.02239,0.648762,137.695,141.162,131.306,135.217,0.5675,717.781,0.0370166,11212.5,0.0,3.81363,8.9374,15.1196,22.7758,27.5376,29.9316,31.2086,32.3254,33.1224,33.9188,34.7141,35.5084,36.6184,37.8837,40.2448,44.9126,52.4835,62.5102,12.8345,-1.0,-1.0,-1.0,-1.0,-1.0
17.354,-0.2022563636363636,2.383783149425184e-05,0.0024007437680738392,4,151.544,3.8379,0.625262,137.304,140.829,130.911,134.866,0.564138,718.708,0.0538141,11181.1,0.0,3.91464,9.5361,16.4438,23.6811,28.2562,30.5715,31.8101,32.895,33.6701,34.4452,35.2202,35.9948,37.0782,38.3145,40.625,45.2039,52.6548,62.5535,12.612,-1.0,-1.0,-1.0,-1.0,-1.0
17.376,-0.20347954545454544,1.7878373620688882e-05,0.0015604834492479957,4,151.13,4.56349,0.589257,136.94,140.456,130.519,134.481,0.558981,719.633,0.0705144,11148.4,0.0,4.0366,10.2506,17.5533,24.4771,28.8972,31.1449,32.3499,33.4065,34.1623,34.9186,35.6753,36.4321,37.4915,38.7015,40.9657,45.4626,52.8011,62.5787,12.3865,-1.0,-1.0,-1.0,-1.0,-1.0
17.398,-0.20473227272727273,1.3408780215516662e-05,0.0010143142420111972,4,150.706,5.20396,0.562461,136.53,140.036,130.125,134.084,0.551982,720.555,0.0871636,11115.1,0.0,4.18144,11.1069,18.5132,25.1877,29.4759,31.6643,32.8394,33.8709,34.6093,35.3487,36.0888,36.8295,37.867,39.053,41.2746,45.6952,52.9279,62.5906,12.1569,-1.0,-1.0,-1.0,-1.0,-1.0
17.42,-0.2060086363636364,1.0056585161637497e-05,0.0006593042573072782,4,150.274,5.77132,0.549691,136.125,139.627,129.73,133.696,0.543081,721.473,0.10381,11082.1,0.0,4.35143,12.1042,19.3631,25.8314,30.0049,32.1406,33.289,34.2978,35.0204,35.7443,36.4694,37.1954,38.2128,39.3766,41.5588,45.9081,53.0407,62.5938,11.9222,-1.0,-1.0,-1.0,-1.0,-1.0
17.442,-0.20730863636363633,7.542438871228123e-06,0.00042854776724973086,4,149.834,6.28286,0.547921,135.697,139.201,129.322,133.3,0.532226,722.388,0.120473,11048.3,0.0,4.54885,13.0304,20.1273,26.4204,30.4925,32.5809,33.7049,34.6931,35.4013,36.1111,36.8223,37.5347,38.5336,39.6768,41.8223,46.1046,53.1422,62.5905,11.6821,-1.0,-1.0,-1.0,-1.0,-1.0
17.464,-0.2086234090909091,5.656829153421092e-06,0.0002785560487123251,4,149.389,6.74719,0.551991,135.287,138.79,128.921,132.906,0.519376,723.3,0.13712,11014.8,0.0,4.77587,13.8618,20.8196,26.96,30.9415,32.9868,34.0886,35.0579,35.7528,36.4496,37.148,37.8478,38.8294,39.9535,42.0645,46.2838,53.2311,26.7781,11.4364,-1.0,-1.0,-1.0,-1.0,-1.0
17.486,-0.20994113636363632,4.242621865065819e-06,0.00018106143166301132,4,148.943,7.18044,0.522829,134.887,138.349,128.538,132.477,0.504525,724.208,0.153467,10980.6,0.0,5.03272,14.6025,21.4327,27.4356,31.3341,33.3396,34.4209,35.3725,36.055,36.7396,37.4261,38.1141,39.0796,40.1856,42.2644,46.4242,53.2858,25.0099,11.1876,-1.0,-1.0,-1.0,-1.0,-1.0
17.508,-0.2112559090909091,3.1819663987993645e-06,0.00011768993058095736,4,148.498,7.51102,0.487328,134.506,137.866,128.192,132.018,0.487711,725.112,0.169209,10946.8,0.0,5.31853,15.2505,21.9567,27.8311,31.6518,33.6199,34.6818,35.6168,36.2877,36.9608,37.6359,38.3128,39.263,40.3521,42.4002,46.5037,53.2844,23.8066,10.9379,-1.0,-1.0,-1.0,-1.0,-1.0
17.53,-0.21256772727272727,2.3864747990995235e-06,7.649845487762229e-05,4,148.054,7.73866,0.456001,134.126,137.376,127.852,131.565,0.468909,726.013,0.184413,10913.4,0.0,5.63536,15.8194,22.4043,28.1574,31.9045,33.8372,34.8807,35.7999,36.4597,37.1219,37.7862,38.4525,39.3882,40.4611,42.4801,46.5298,53.2338,22.8634,10.6858,-1.0,-1.0,-1.0,-1.0,-1.0
17.552,-0.21387659090909092,1.7898560993246426e-06,4.972399567045449e-05,4,147.611,7.97262,0.376736,133.723,136.915,127.422,131.116,0.448153,726.909,0.199491,10876.4,0.0,5.98797,16.3356,22.8071,28.4478,32.1262,34.0255,35.0516,35.9559,36.6052,37.2571,37.9112,38.5675,39.4894,40.5468,42.538,46.5364,53.1669,22.0349,10.4297,-1.0,-1.0,-1.0,-1.0,-1.0
17.574,-0.21521204545454553,1.342392074493482e-06,3.232059718579542e-05,4,147.159,8.23229,0.313764,133.278,136.507,126.984,130.753,0.42547,727.8,0.214946,10842.8,0.0,6.37197,16.8269,23.1987,28.7384,32.3539,34.2224,35.2324,36.1229,36.7624,37.4045,38.0491,38.696,39.6049,40.6478,42.6128,46.562,53.1215,21.2349,10.1751,-1.0,-1.0,-1.0,-1.0,-1.0
17.596,-0.21656227272727274,1.0067940558701114e-06,2.1008388170767023e-05,4,146.702,8.45737,0.284312,132.829,136.09,126.584,130.376,0.400827,728.687,0.230517,10810.1,0.0,6.74442,17.2864,23.5668,29.0135,32.5704,34.4101,35.4049,36.2823,36.9126,37.5457,38.1812,38.8192,39.7157,40.7449,42.6848,46.587,53.0784,20.4871,9.92537,-1.0,-1.0,-1.0,-1.0,-1.0
17.618,-0.2179213636363637,7.550955419025835e-07,1.3655452310998565e-05,4,146.242,8.63754,0.274846,132.389,135.652,126.196,129.976,0.374189,729.569,0.246026,10776.9,0.0,7.10077,17.7108,23.9042,29.2636,32.7652,34.5775,35.558,36.423,37.0445,37.6688,38.2958,38.9252,39.8101,40.8261,42.7419,46.599,53.0248,19.7979,9.68123,-1.0,-1.0,-1.0,-1.0,-1.0
17.64,-0.21927750000000004,5.663216564269376e-07,8.876044002149068e-06,4,145.783,8.764,0.280264,131.964,135.203,125.821,129.562,0.345558,730.446,0.261353,10743.7,0.0,7.44038,18.0979,24.2069,29.4827,32.9315,34.7176,35.6844,36.5375,37.1505,37.7665,38.3852,39.0065,39.8801,40.8834,42.7761,46.5899,52.9526,19.1673,9.44338,-1.0,-1.0,-1.0,-1.0,-1.0
17.662,-0.2206218181818182,4.247412423202032e-07,5.769428601396894e-06,4,145.328,8.84245,0.280937,131.558,134.75,125.461,129.134,0.314938,731.318,0.276347,10710.6,0.0,7.76234,18.4446,24.4691,29.6636,33.0612,34.8221,35.7755,36.617,37.2219,37.8299,38.4407,39.054,39.9166,40.9077,42.778,46.5499,52.8519,18.5975,9.21256,-1.0,-1.0,-1.0,-1.0,-1.0
17.684,-0.22194545454545456,3.185559317401524e-07,3.7501285909079813e-06,4,144.88,8.84695,0.267257,131.184,134.27,125.135,128.68,0.282341,732.185,0.290703,10677.8,0.0,8.06359,18.7403,24.6763,29.7891,33.1359,34.8717,35.8119,36.642,37.239,37.8389,38.4418,39.0474,39.8993,40.8783,42.7266,46.4577,52.7012,18.103,8.9905,-1.0,-1.0,-1.0,-1.0,-1.0
17.706,-0.22324840909090915,2.389169488051143e-07,2.4375835840901878e-06,4,144.439,8.7646,0.250323,130.823,133.787,124.818,128.229,0.248627,733.024,0.289693,10645.5,0.0,8.34444,18.9886,24.8328,29.8632,33.1593,34.8702,35.7974,36.6163,37.2053,37.7974,38.3925,38.9904,39.8317,40.7987,42.6256,46.3168,52.5037,17.6729,8.77693,-1.0,-1.0,-1.0,-1.0,-1.0
17.728,-0.22453659090909098,1.7918771160383572e-07,1.5844293296586221e-06,4,144.003,8.64174,0.218567,130.457,133.326,124.489,127.785,0.215632,733.858,0.28419,10613.0,0.0,8.6078,19.202,24.9539,29.9031,33.1494,34.8358,35.7502,36.5581,37.1393,37.7237,38.3111,38.9014,39.7323,40.6877,42.4935,46.1458,52.2777,17.2841,8.57034,-1.0,-1.0,-1.0,-1.0,-1.0
17.75,-0.2258159090909091,1.343907837028768e-07,1.0298790642781044e-06,4,143.57,8.57405,0.159126,130.057,132.916,124.06,127.413,0.183462,734.694,0.278851,10579.3,0.0,8.86032,19.4055,25.0713,29.9443,33.1434,34.8067,35.7089,36.5062,37.0799,37.6569,38.2371,38.8201,39.641,40.5852,42.3708,45.9856,52.0639,16.895,8.36753,-1.0,-1.0,-1.0,-1.0,-1.0
17.772,-0.22710999999999995,1.0079308777715759e-07,6.694213917807679e-07,4,143.132,8.51976,0.126591,129.636,132.536,123.666,127.071,0.152097,735.532,0.273765,10548.4,0.0,9.10377,19.6037,25.19,29.9921,33.1469,34.7883,35.679,36.4662,37.0329,37.6028,38.176,38.7521,39.5635,40.4971,42.2632,45.8417,51.8684,16.5002,8.16795,-1.0,-1.0,-1.0,-1.0,-1.0
17.794,-0.22840409090909097,7.55948158328682e-08,4.3512390465749913e-07,4,142.694,8.46146,0.1142,129.216,132.152,123.287,126.716,0.12152,736.372,0.268802,10517.5,0.0,9.33716,19.7914,25.303,30.038,33.1507,34.7711,35.6507,36.4284,36.9882,37.5515,38.1179,38.6874,39.4897,40.413,42.1604,45.704,51.6803,16.1105,7.97237,-1.0,-1.0,-1.0,-1.0,-1.0
17.816,-0.22969227272727274,5.669611187465115e-08,2.8283053802737446e-07,4,142.258,8.39656,0.113811,128.804,131.761,122.914,126.35,0.0917034,737.213,0.263888,10486.4,0.0,9.56023,19.9666,25.4066,30.0775,33.1499,34.7502,35.6192,36.3876,36.9408,37.4975,38.0575,38.6207,39.4142,40.3275,42.0569,45.5667,51.4942,15.7309,7.78112,-1.0,-1.0,-1.0,-1.0,-1.0
17.838,-0.23097159090909092,4.2522083905988365e-08,1.8383984971779342e-07,4,141.825,8.32045,0.121805,128.397,131.362,122.548,125.978,0.0626335,738.056,0.258935,10455.3,0.0,9.77276,20.1276,25.4985,30.1075,33.1411,34.7219,35.5806,36.34,36.8869,37.4373,37.9911,38.5481,39.333,40.2368,41.9486,45.4257,51.3056,15.365,7.59452,-1.0,-1.0,-1.0,-1.0,-1.0
17.86,-0.23224795454545458,3.189156292949127e-08,1.1949590231656574e-07,4,141.393,8.23314,0.133947,128.0,130.961,122.186,125.602,0.0343005,738.901,0.253905,10424.3,0.0,9.97475,20.274,25.5774,30.1266,33.1224,34.6843,35.5329,36.2837,36.8244,37.3688,37.9165,38.4675,39.2441,40.1385,41.8334,45.2785,51.1122,15.0142,7.41271,-1.0,-1.0,-1.0,-1.0,-1.0
17.882,-0.23351249999999998,2.3918672197118455e-08,7.767233650576774e-08,4,140.965,8.13781,0.14655,127.609,130.561,121.825,125.225,0.00669861,739.746,0.248793,10393.2,0.0,10.1664,20.406,25.6435,30.1346,33.0936,34.6371,35.476,36.2183,36.7531,37.2915,37.8333,38.3785,39.147,40.0323,41.7106,45.1246,50.9133,14.6785,7.23569,-1.0,-1.0,-1.0,-1.0,-1.0
17.904,-0.23477113636363642,1.793900414783884e-08,5.048701872874903e-08,4,140.539,8.04289,0.155285,127.218,130.164,121.461,124.851,-0.0201651,740.593,0.243669,10362.2,0.0,10.3485,20.5255,25.6988,30.1335,33.0568,34.5824,35.4118,36.146,36.675,37.2076,37.7437,38.2832,39.0439,39.9204,41.5825,44.9662,50.7112,14.3559,7.06334,-1.0,-1.0,-1.0,-1.0,-1.0
17.926,-0.23602090909090903,1.3454253110879131e-08,3.2816562173686867e-08,4,140.116,7.9558,0.159659,126.828,129.775,121.094,124.483,-0.0462933,741.441,0.238536,10331.2,0.0,10.5216,20.6347,25.7458,30.126,33.0147,34.5231,35.3434,36.0696,36.593,37.12,37.6506,38.1846,38.9376,39.8056,41.4521,44.8064,50.5086,14.0439,6.89547,-1.0,-1.0,-1.0,-1.0,-1.0
17.948,-0.23726477272727278,1.009068983315935e-08,2.1330765412896463e-08,4,139.695,7.87837,0.160665,126.439,129.392,120.726,124.12,-0.0716756,742.291,0.233417,10300.5,0.0,10.6864,20.7348,25.7858,30.1134,32.9688,34.4605,35.272,35.9905,36.5085,37.0301,37.5553,38.0839,38.8296,39.6893,41.3206,44.6464,50.3072,13.7413,6.73205,-1.0,-1.0,-1.0,-1.0,-1.0
17.97,-0.23850272727272723,7.568017374869513e-09,1.38649975183827e-08,4,139.276,7.81053,0.159525,126.05,129.012,120.358,123.76,-0.0963179,743.141,0.228326,10269.9,0.0,10.8432,20.8265,25.8197,30.0965,32.9198,34.3955,35.1984,35.9095,36.4222,36.9386,37.4586,37.9821,38.7206,39.5722,41.1889,44.487,50.1076,13.4475,6.57302,-1.0,-1.0,-1.0,-1.0,-1.0
17.992,-0.23973477272727273,5.6760130311521346e-09,9.012248386948756e-09,4,138.859,7.75153,0.157291,125.659,128.633,119.991,123.403,-0.120217,743.992,0.223315,10239.4,0.0,10.9925,20.9109,25.8483,30.0763,32.8687,34.3288,35.1235,35.8275,36.3351,36.8464,37.3614,37.88,38.6116,39.4554,41.0579,44.3292,49.9107,13.1621,6.41835,-1.0,-1.0,-1.0,-1.0,-1.0
18.014,-0.2409638636363636,4.2570097733641005e-09,5.8579614515166914e-09,4,138.443,7.70142,0.154823,125.269,128.257,119.624,123.047,-0.143382,744.845,0.218362,10209.0,0.0,11.1346,20.9885,25.8722,30.0531,32.8157,34.2609,35.0477,35.7447,36.2474,36.7539,37.264,37.7777,38.5027,39.3391,40.9278,44.1731,49.7168,12.8847,6.26802,-1.0,-1.0,-1.0,-1.0,-1.0
18.036,-0.24219000000000004,3.1927573300230754e-09,3.80767494348585e-09,4,138.028,7.65973,0.152717,124.88,127.884,119.257,122.694,-0.16581,745.698,0.213468,10178.7,0.0,11.2697,21.0597,25.8917,30.0275,32.7614,34.1922,34.9713,35.6617,36.1597,36.6614,37.1669,37.676,38.3946,39.2237,40.7991,44.0193,49.5262,12.6154,6.12204,-1.0,-1.0,-1.0,-1.0,-1.0
18.058,-0.2434131818181818,2.3945679975173064e-09,2.4749887132658027e-09,4,137.614,7.62638,0.151277,124.491,127.512,118.89,122.342,-0.187514,746.551,0.208641,10148.5,0.0,11.3983,21.1253,25.9076,29.9999,32.7062,34.1232,34.895,35.579,36.0723,36.5696,37.0706,37.5753,38.2876,39.1097,40.6723,43.8682,49.3395,12.3535,5.98032,-1.0,-1.0,-1.0,-1.0,-1.0
18.08,-0.2446304545454546,1.7959259981379798e-09,0.3500000016087427,4,137.202,7.60151,0.150566,124.102,127.141,118.523,121.992,-0.208495,747.405,0.203911,10118.3,0.0,11.5207,21.1857,25.9201,29.9707,32.6506,34.0543,34.8189,35.4968,35.9858,36.4787,36.9754,37.4757,38.182,38.9974,40.5476,43.7201,49.157,12.099,5.84289,-1.0,-1.0,-1.0,-1.0,-1.0
18.102,-0.24713,1.346944498603485e-09,0.5775000010456828,4,136.356,7.65385,0.148025,114.356,117.677,114.817,118.382,-0.228706,748.259,0.199169,9804.19,0.0,11.6352,21.2368,25.9242,29.9342,32.5883,33.979,34.7368,35.4086,35.8934,36.382,36.8745,37.3706,38.0711,38.8799,40.4181,43.5678,48.9714,11.8581,5.71064,-1.0,-1.0,-1.0,-1.0,-1.0
18.124,-0.2515293181818182,1.0102083739526136e-09,0.7253750006796937,4,134.867,7.8835,0.138633,102.454,106.289,110.697,114.367,-0.247837,749.108,0.193769,9458.26,0.0,11.7322,21.2548,25.8906,29.8573,32.4844,33.8616,34.6122,35.2779,35.7582,36.2425,36.7306,37.2225,37.9171,38.7191,40.245,43.3718,48.7424,11.6647,5.58874,-1.0,-1.0,-1.0,-1.0,-1.0
18.146,-0.2570661363636364,7.576562804644603e-10,0.4714937504418009,4,132.993,8.20498,0.127774,89.0653,93.4827,106.285,110.016,-0.265531,749.95,0.186985,9086.79,0.0,11.8005,21.2129,25.7865,29.7029,32.2995,33.6616,34.4043,35.0631,35.5386,36.0181,36.5015,36.9886,37.6767,38.4715,39.9843,43.0867,48.4235,11.5583,5.4831,7.66837,7.68678,7.70726,7.72984,7.75455
18.168,-0.2628984090909091,5.682422103483452e-10,0.3064709377871706,4,131.019,8.39587,0.124068,87.2478,92.1249,106.263,109.796,-0.281559,750.783,0.178613,9087.9,0.0,11.8365,21.1041,25.6033,29.4616,32.0232,33.3683,34.1022,34.7533,35.2234,35.6976,36.1757,36.6576,37.3386,38.1254,39.6239,42.7002,48.0019,11.5577,5.39643,-1.0,-1.0,-1.0,-1.0,-1.0
18.19,-0.2683081818181819,4.261816577612589e-10,0.1992061095616609,4,129.188,8.27395,0.133322,91.8424,96.874,107.431,110.423,-0.296037,751.606,0.169129,9165.98,0.0,11.8471,20.9466,25.3634,29.1581,31.6819,33.0087,33.7329,34.3758,34.8401,35.3086,35.781,36.2574,36.9308,37.7091,39.1924,42.2412,47.5066,11.6513,5.32608,-1.0,-1.0,-1.0,-1.0,-1.0
18.212,-0.27291727272727273,3.196362433209442e-10,0.1294839712150796,4,127.628,7.87002,0.154213,98.8481,103.544,108.261,110.777,-0.309248,752.421,0.159456,9214.97,0.0,11.8462,20.7755,25.1102,28.8413,31.3274,32.6359,33.3506,33.9852,34.4437,34.9065,35.3733,35.8441,36.5099,37.2798,38.7478,41.7691,46.9984,11.7989,5.26584,-1.0,-1.0,-1.0,-1.0,-1.0
18.234,-0.2765040909090909,2.3972718249070815e-10,0.08416458128980174,4,126.414,7.34394,0.183588,104.989,108.868,108.356,110.804,-0.321523,753.228,0.150904,9219.2,0.0,11.8511,20.635,24.8983,28.5738,31.0265,32.3186,33.0248,33.6521,34.1054,34.5631,35.0248,35.4907,36.1495,36.9118,38.3661,41.3624,46.5583,11.9275,5.20742,-1.0,-1.0,-1.0,-1.0,-1.0
18.256,-0.27912772727272733,1.797953868680311e-10,0.05470697783837113,4,125.526,6.91269,0.209882,108.508,111.78,107.982,110.723,-0.333151,754.031,0.14441,9200.05,0.0,11.874,20.5545,24.7647,28.3976,30.8244,32.1037,32.8032,33.4247,33.8739,34.3275,34.7852,35.2471,35.9005,36.6565,38.0997,41.0755,46.2431,11.9661,5.14428,-1.0,-1.0,-1.0,-1.0,-1.0
18.278,-0.28110727272727276,1.3484654015102333e-10,0.03555953559494124,4,124.856,6.66391,0.225619,109.936,113.079,107.518,110.617,-0.34429,754.83,0.139801,9176.36,0.0,11.9134,20.5272,24.7001,28.3022,30.7098,31.9795,32.6739,33.291,33.7371,34.1875,34.6421,35.1009,35.7501,36.5014,37.9358,40.8953,46.0396,11.9092,5.07617,-1.0,-1.0,-1.0,-1.0,-1.0
18.3,-0.28271454545454544,1.011349051132675e-10,0.023113698136711804,4,124.312,6.53611,0.228275,110.42,113.589,107.127,110.432,-0.355008,755.627,0.13617,9152.34,0.0,11.9598,20.5255,24.6694,28.247,30.639,31.9009,32.5911,33.2045,33.648,34.0958,34.5479,35.0042,35.6498,36.397,37.824,40.7695,45.8936,11.8039,5.00667,-1.0,-1.0,-1.0,-1.0,-1.0
18.322,-0.28410318181818184,7.585117883495063e-11,0.015023903788862673,4,123.842,6.44047,0.217428,110.575,113.733,106.826,110.163,-0.365318,756.422,0.13268,9128.45,0.0,12.0045,20.5245,24.6411,28.1954,30.5726,31.827,32.5132,33.1231,33.5641,34.0095,34.4591,34.9129,35.5551,36.2986,37.7186,40.6507,45.7552,11.699,4.9394,-1.0,-1.0,-1.0,-1.0,-1.0
18.344,-0.28535,5.688838412621297e-11,0.009765537462760737,4,123.42,6.32118,0.195448,110.59,113.672,106.57,109.834,-0.375216,757.215,0.128882,9103.92,0.0,12.0426,20.511,24.598,28.1276,30.4893,31.7358,32.4178,33.0242,33.4626,33.9054,34.3525,34.8037,35.4424,36.1819,37.5946,40.513,45.5977,11.622,4.87643,-1.0,-1.0,-1.0,-1.0,-1.0
18.366,-0.2865052272727273,4.266628809465973e-11,0.006347599350794479,4,123.029,6.16455,0.166615,110.521,113.503,106.321,109.492,-0.384711,758.007,0.124728,9079.09,0.0,12.0736,20.4835,24.5386,28.0418,30.3869,31.6251,32.3028,32.9053,33.341,33.7811,34.2255,34.6741,35.3091,36.0444,37.4496,40.3537,45.418,11.5766,4.81792,-1.0,-1.0,-1.0,-1.0,-1.0
18.388,-0.2876043181818182,3.1999716070994796e-11,0.004125939578016411,4,122.657,5.99357,0.134378,110.398,113.308,106.051,109.18,-0.393798,758.798,0.120495,9054.66,0.0,12.1004,20.4495,24.4721,27.9487,30.2771,31.507,32.1802,32.7789,33.2119,33.6493,34.091,34.5369,35.1682,35.8994,37.2969,40.1867,45.2307,11.5492,4.76284,-1.0,-1.0,-1.0,-1.0,-1.0
18.41,-0.2886679545454546,2.3999787053246095e-11,0.0026818607257106672,4,122.297,5.83669,0.112173,110.189,113.096,105.736,108.904,-0.402489,759.587,0.116526,9029.83,0.0,12.1269,20.4201,24.4129,27.8646,30.1775,31.3997,32.0688,32.6638,33.0943,33.5291,33.9683,34.4117,35.0396,35.7668,37.1572,40.0336,45.0583,11.5165,4.70947,-1.0,-1.0,-1.0,-1.0,-1.0
18.432,-0.2897197727272727,1.7999840289934573e-11,0.0017432094717119337,4,121.941,5.72554,0.102994,109.903,112.881,105.384,108.658,-0.410809,760.375,0.113124,9004.65,0.0,12.1566,20.4042,24.3717,27.8024,30.1019,31.3174,31.9829,32.5748,33.003,33.4357,33.8727,34.3139,34.9387,35.6625,37.0466,39.9111,44.9187,11.4579,4.65634,-1.0,-1.0,-1.0,-1.0,-1.0
18.454,-0.29076863636363637,1.349988021745093e-11,0.001133086156612757,4,121.586,5.67768,0.104404,109.579,112.674,105.016,108.428,-0.418787,761.162,0.110422,8979.49,0.0,12.1909,20.4056,24.3536,27.7674,30.0562,31.2662,31.9288,32.5182,32.9446,33.3754,33.8106,34.25,34.8723,35.5933,36.9721,39.8266,44.8194,11.3634,4.60268,-1.0,-1.0,-1.0,-1.0,-1.0
18.476,-0.2918115909090909,1.0124910163088197e-11,0.000736506001798292,4,121.233,5.69668,0.112295,109.24,112.468,104.645,108.2,-0.426444,761.948,0.108445,8954.29,0.0,12.2302,20.4243,24.3583,27.7597,30.0403,31.246,31.9063,32.4937,32.9187,33.3481,33.7819,34.2199,34.8402,35.5588,36.9335,39.7799,44.7604,11.2329,4.54843,-1.0,-1.0,-1.0,-1.0,-1.0
18.498,-0.2928575,7.593682622316147e-12,0.0004787289011688898,4,120.879,5.77603,0.122583,108.872,112.227,104.271,107.956,-0.433801,762.732,0.107115,8928.28,0.0,12.2736,20.458,24.383,27.7757,30.0505,31.2531,31.9117,32.4976,32.9215,33.3498,33.7825,34.2194,34.8382,35.5551,36.9265,39.7665,44.7512,11.0726,4.49383,-1.0,-1.0,-1.0,-1.0,-1.0
18.52,-0.2939034090909091,5.69526196673711e-12,0.0003111737857597784,4,120.525,5.90366,0.132173,108.524,111.986,103.915,107.706,-0.440879,763.515,0.10629,8902.76,0.0,12.32,20.5035,24.4234,27.8106,30.0812,31.2817,31.9391,32.5239,32.947,33.3745,33.8064,34.2425,34.8602,35.5758,36.9447,39.7796,44.7983,10.8918,4.43929,-1.0,-1.0,-1.0,-1.0,-1.0
18.542,-0.2949522727272727,4.271446475052832e-12,0.00020226296074385598,4,120.17,6.06542,0.140024,108.162,111.707,103.563,107.434,-0.447686,764.296,0.105854,8876.5,0.0,12.3684,20.5576,24.4755,27.8594,30.1275,31.3264,31.983,32.567,32.9896,33.4165,33.8478,34.2834,34.9002,35.6148,36.9818,39.8128,44.8992,10.6995,4.38528,-1.0,-1.0,-1.0,-1.0,-1.0
18.564,-0.2960070454545454,3.203584856289624e-12,0.0001314709244835064,4,119.813,6.24963,0.145005,107.799,111.407,103.218,107.149,-0.454245,765.076,0.105705,8850.01,0.0,12.4179,20.6175,24.5356,27.9181,30.1846,31.3826,32.0386,32.6221,33.0443,33.4708,33.9017,34.3369,34.953,35.667,37.0326,39.8605,45.0518,10.5024,4.3321,-1.0,-1.0,-1.0,-1.0,-1.0
18.586,-0.2970706818181818,2.402688642217218e-12,8.545610091427916e-05,4,119.453,6.4457,0.146662,107.439,111.089,102.882,106.852,-0.46057,765.854,0.105786,8823.36,0.0,12.4677,20.6809,24.6007,27.983,30.2487,31.4461,32.1017,32.6849,33.1068,33.5331,33.9637,34.3985,35.0143,35.7277,37.0922,39.9178,45.2547,10.3063,4.28007,-1.0,-1.0,-1.0,-1.0,-1.0
18.608,-0.2981372727272727,1.8020164816629136e-12,5.554646559428146e-05,4,119.092,6.64435,0.145446,107.082,110.758,102.553,106.545,-0.466677,766.631,0.105997,8796.57,0.0,12.5171,20.7457,24.6682,28.0512,30.3166,31.5136,32.1691,32.752,33.1738,33.5999,34.0302,34.4648,35.0802,35.7933,37.157,39.9806,45.507,10.1147,4.22937,-1.0,-1.0,-1.0,-1.0,-1.0
18.63,-0.29921272727272735,1.3515123612471852e-12,3.610520263628295e-05,4,118.728,6.8384,0.142388,106.727,110.417,102.228,106.231,-0.472573,767.406,0.106275,8769.67,0.0,12.5655,20.8107,24.7364,28.1205,30.3859,31.5828,32.2381,32.8209,33.2425,33.6684,34.0987,34.5332,35.1483,35.8611,37.224,40.0493,45.8093,9.93029,4.18019,-1.0,-1.0,-1.0,-1.0,-1.0
18.652,-0.30029113636363636,1.0136342709353888e-12,2.3468381713583918e-05,4,118.363,7.02301,0.138639,106.373,110.069,101.906,105.911,-0.478271,768.18,0.106592,8742.68,0.0,12.613,20.875,24.8043,28.1898,30.4555,31.6523,32.3075,32.8902,33.3118,33.7376,34.1678,34.6021,35.2171,35.9295,37.292,40.1464,46.1637,9.75354,4.13254,-1.0,-1.0,-1.0,-1.0,-1.0
18.674,-0.30137840909090907,7.602257032015416e-13,1.5254448113829548e-05,4,117.995,7.19537,0.135207,106.02,109.716,101.585,105.589,-0.483792,768.952,0.106932,8715.61,0.0,12.6593,20.9384,24.8716,28.2587,30.5248,31.7217,32.3768,32.9595,33.381,33.8068,34.2368,34.6711,35.2859,35.9982,37.3602,40.2775,46.5741,9.58427,4.0863,-1.0,-1.0,-1.0,-1.0,-1.0
18.696,-0.3024686363636364,0.25000000000057016,9.915391273989207e-06,4,117.626,7.35444,0.132725,105.667,109.361,101.265,105.264,-0.489149,769.722,0.10729,8688.47,0.0,12.7047,21.001,24.9382,28.3271,30.5938,31.7907,32.4459,33.0286,33.45,33.8758,34.3058,34.74,35.3547,36.0668,37.4285,40.4452,47.0456,9.42193,4.0414,-1.0,-1.0,-1.0,-1.0,-1.0
18.718,-0.3035559090909091,0.4375000000004276,6.445004328092985e-06,4,117.258,7.48169,0.13113,105.318,108.966,104.43,104.43,-0.494352,770.491,0.107322,8793.18,0.0,12.7455,21.0531,24.9919,28.3809,30.6471,31.8437,32.4987,33.0811,33.5024,33.9279,34.3577,34.7917,35.4062,36.1179,37.4897,40.6297,47.5518,9.27996,3.99897,-1.0,-1.0,-1.0,-1.0,-1.0
18.74,-0.3038425,0.5781250000003206,4.18925281326044e-06,4,117.161,7.52378,0.132889,105.087,108.613,106.614,106.614,-0.499404,771.258,0.106539,8974.92,0.0,12.7765,21.0806,25.015,28.3996,30.6628,31.8578,32.5119,33.0935,33.5142,33.9392,34.3685,34.8019,35.4155,36.1264,37.5345,40.7976,48.046,9.17622,3.96073,-1.0,-1.0,-1.0,-1.0,-1.0
18.762,-0.3035854545454545,0.6835937500002405,2.7230143286192864e-06,4,117.248,7.53381,0.136265,105.031,108.441,108.31,108.31,-0.50431,772.027,0.105109,9117.29,0.0,12.7995,21.0886,25.0139,28.3906,30.6487,31.8411,32.4939,33.0743,33.4941,33.9183,34.3467,34.7792,35.3917,36.1137,37.5704,40.9577,48.5414,9.10175,3.92591,-1.0,-1.0,-1.0,-1.0,-1.0
18.784,-0.3029295454545455,0.7626953125001803,1.7699593136025361e-06,4,117.47,7.53284,0.140194,105.121,108.429,109.784,109.784,-0.509025,772.797,0.103113,9241.31,0.0,12.8149,21.0787,24.9907,28.3565,30.6078,31.7967,32.4476,33.0264,33.4452,33.8682,34.2955,34.727,35.3487,36.0938,37.5994,41.1128,49.0429,9.05441,3.89462,-1.0,-1.0,-1.0,-1.0,-1.0
18.806,-0.30195750000000005,0.8220214843751352,1.1504735538416485e-06,4,117.799,7.52293,0.142983,105.33,108.54,111.095,111.095,-0.513505,773.569,0.100545,9351.66,0.0,12.8223,21.0499,24.9443,28.296,30.5385,31.7232,32.3718,32.9487,33.366,33.7876,34.215,34.6553,35.2955,36.0636,37.6182,41.2588,49.5454,9.03635,3.8673,-1.0,-1.0,-1.0,-1.0,-1.0
18.828,-0.3007402272727273,0.8665161132813515,7.478078099970716e-07,4,118.211,7.50102,0.143002,105.635,108.746,112.288,112.288,-0.517694,774.344,0.0973561,9452.04,0.0,12.821,21.0015,24.8739,28.2082,30.4402,31.6196,32.2654,32.8399,33.2555,33.6802,34.1185,34.571,35.2296,36.0204,37.6236,41.3921,50.0442,9.05073,3.84445,-1.0,-1.0,-1.0,-1.0,-1.0
18.85,-0.29933977272727275,0.8998870849610137,4.860750764980966e-07,4,118.685,7.46826,0.139409,106.015,109.032,113.355,113.355,-0.521542,775.123,0.0936038,9541.7,0.0,12.8114,20.935,24.7815,28.0955,30.3151,31.4885,32.1311,32.7037,33.1256,33.5611,34.0108,34.4755,35.1522,35.9657,37.6175,41.5149,50.5432,9.09818,3.82629,-1.0,-1.0,-1.0,-1.0,-1.0
18.872,-0.29781227272727273,0.9249153137207602,3.1594879972376276e-07,4,119.202,7.43206,0.132529,106.456,109.395,114.337,114.337,-0.524991,775.905,0.0894253,9624.4,0.0,12.7946,20.8538,24.6715,27.9631,30.1693,31.336,31.976,32.5583,32.9905,33.4368,33.8981,34.3749,35.0699,35.9062,37.6074,41.6369,51.0581,9.17729,3.81284,-1.0,-1.0,-1.0,-1.0,-1.0
18.894,-0.296205,0.9436864852905702,2.053667198204458e-07,4,119.746,7.40752,0.123741,106.932,109.823,115.288,115.288,-0.528004,776.691,0.0850542,9704.54,0.0,12.7727,20.764,24.5515,27.8198,30.0118,31.172,31.8215,32.4176,32.8604,33.318,33.7911,34.2805,34.9946,35.8547,37.6073,41.776,51.6188,9.2828,3.8037,-1.0,-1.0,-1.0,-1.0,-1.0
18.916,-0.29454454545454545,0.9577648639679277,1.334883678832898e-07,4,120.308,7.41501,0.115635,107.432,110.315,116.23,116.23,-0.53053,777.482,0.0807381,9783.9,0.0,12.7479,20.6717,24.4296,27.6749,29.8532,31.0181,31.6831,32.2942,32.7483,33.218,33.7039,34.2069,34.9414,35.8272,37.6356,41.9561,52.2662,9.40784,3.79847,-1.0,-1.0,-1.0,-1.0,-1.0
18.938,-0.2928515909090909,0.9683236479759458,8.676743912413837e-08,4,120.881,7.47579,0.110534,107.934,110.856,117.161,117.161,-0.532565,778.276,0.0767083,9862.35,0.0,12.7226,20.5838,24.3143,27.5385,29.7044,30.8925,31.575,32.2026,32.6694,33.1525,33.6527,34.1709,34.9284,35.8429,37.7141,42.2062,53.052,9.54168,3.79629,-1.0,-1.0,-1.0,-1.0,-1.0
18.96,-0.29114681818181815,0.9762427359819594,5.639883543068994e-08,4,121.458,7.60729,0.108077,108.431,111.435,118.075,118.075,-0.534072,779.074,0.0731332,9939.21,0.0,12.6984,20.5043,24.2109,27.4166,29.5847,30.8054,31.5077,32.1542,32.6356,33.1341,33.6507,34.1863,34.97,35.9176,37.8609,42.5513,54.0262,9.67674,3.79685,-1.0,-1.0,-1.0,-1.0,-1.0
18.982,-0.2894390909090909,0.9821820519864696,3.6659243029948463e-08,4,122.036,7.81543,0.107828,108.917,112.03,118.976,118.976,-0.535021,779.876,0.07008,10015.1,0.0,12.6755,20.4346,24.1211,27.3115,29.505,30.7633,31.4884,32.1567,32.6547,33.171,33.7065,34.2622,35.0763,36.0621,38.0892,43.0113,55.2339,9.80915,3.80015,-1.0,-1.0,-1.0,-1.0,-1.0
19.004,-0.28773136363636365,0.9866365389898522,2.3828507969466504e-08,4,122.614,8.09708,0.109331,109.393,112.624,119.863,119.863,-0.53541,780.683,0.0675774,10089.7,0.0,12.6538,20.3741,24.0442,27.2223,29.4686,30.7699,31.5211,32.2145,32.7318,33.2685,33.8258,34.4047,35.2539,36.284,38.4084,43.6019,56.7191,9.93766,3.80626,-1.0,-1.0,-1.0,-1.0,-1.0
19.026,-0.2860354545454546,0.9899774042423891,1.548853018015323e-08,4,123.188,8.44316,0.112016,109.856,113.202,120.743,120.743,-0.535233,781.493,0.0655358,10163.8,0.0,12.6326,20.3209,23.9781,27.1541,29.4763,30.8266,31.6078,32.3298,32.8691,33.4293,34.0116,34.6172,35.5068,36.5881,38.8252,44.3362,58.5274,10.0648,3.81547,-1.0,-1.0,-1.0,-1.0,-1.0
19.048,-0.28435727272727274,0.9924830531817919,1.00675446170996e-08,4,123.756,8.84239,0.115281,110.314,113.762,121.609,121.609,-0.534469,782.307,0.0638583,10236.6,0.0,12.6108,20.2725,23.9192,27.1199,29.5281,30.9338,31.7489,32.5035,33.0679,33.6548,34.2656,34.9018,35.8378,36.9779,39.3453,45.2273,60.7117,10.1955,3.82828,-1.0,-1.0,-1.0,-1.0,-1.0
19.07,-0.28269681818181824,0.9943622898863439,6.54390400111474e-09,4,124.318,9.28302,0.118542,110.768,114.302,122.466,122.466,-0.533115,783.125,0.0624547,10308.8,0.0,12.5874,20.2262,23.8646,27.1195,29.6239,31.0919,31.9453,32.7367,33.3295,33.9468,34.5902,35.2611,36.2501,37.4576,39.9751,46.2905,63.3406,10.3352,3.84504,-1.0,-1.0,-1.0,-1.0,-1.0
19.092,-0.28106295454545455,0.9957717174147579,4.2535376007245815e-09,4,124.871,9.75485,0.121336,111.213,114.817,123.33,123.33,-0.531163,783.946,0.0612581,10381.5,0.0,12.5616,20.1801,23.8114,27.1529,29.7643,31.3022,32.1986,33.0315,33.6565,34.3083,34.9885,35.699,36.7485,38.0332,40.7239,47.5466,66.5072,10.4898,3.86613,-1.0,-1.0,-1.0,-1.0,-1.0
19.114,-0.2794586363636364,0.9968287880610684,2.764799440470978e-09,4,125.414,10.2509,0.123364,111.654,115.315,124.206,124.206,-0.528597,784.771,0.0602319,10455.3,0.0,12.5327,20.1322,23.7584,27.2205,29.9507,31.5668,32.5116,33.3914,34.0528,34.7436,35.4657,36.2214,37.34,38.7133,41.604,49.0235,70.3421,10.6652,3.89196,-1.0,-1.0,-1.0,-1.0,-1.0
19.136,-0.2778809090909091,0.9976215910458013,1.7971196363061356e-09,4,125.948,10.7662,0.124537,112.09,115.796,125.082,125.082,-0.525438,785.599,0.0593054,10529.0,0.0,12.5004,20.0817,23.7225,27.3242,30.1867,31.8905,32.8898,33.8227,34.5253,35.2605,36.0304,36.8376,38.0354,39.5109,42.634,50.7603,75.0345,10.8652,3.92249,-1.0,-1.0,-1.0,-1.0,-1.0
19.158,-0.2763297727272727,0.998216193284351,1.1681277635989881e-09,4,126.473,11.2968,0.124977,112.517,116.26,125.958,125.958,-0.521666,786.43,0.0584493,10602.7,0.0,12.4643,20.0277,23.7112,27.4665,30.4764,32.2788,33.3398,34.3327,35.0823,35.8681,36.6928,37.5591,38.8483,40.4421,43.8371,52.8086,80.8591,11.0957,3.95799,9.13207,9.13631,9.14284,9.15167,9.16282
19.18,-0.2748111363636364,0.9986621449632632,7.592830463393423e-10,4,126.987,11.8397,0.124929,112.938,116.711,126.821,126.821,-0.517265,787.265,0.057641,10675.2,0.0,12.4242,19.9695,23.7257,27.6504,30.8249,32.7386,33.8696,34.9311,35.7343,36.5782,37.4658,38.4006,39.7958,41.5277,45.243,55.2367,88.2285,11.3635,3.9987,-1.0,-1.0,-1.0,-1.0,-1.0
19.202,-0.2733190909090909,0.9989966087224474,4.935339801205725e-10,4,127.492,12.3917,0.124694,113.349,117.147,127.683,127.683,-0.512238,788.102,0.0568922,10747.8,0.0,12.3797,19.9065,23.7679,27.8795,31.2387,33.2785,34.4893,35.6294,36.4944,37.4054,38.3659,39.3803,40.8993,42.7936,46.8901,58.1359,97.7874,11.677,4.04473,-1.0,-1.0,-1.0,-1.0,-1.0
19.224,-0.271856590909091,0.9992474565418356,3.2079708707837216e-10,4,127.987,12.9503,0.124514,113.755,117.573,128.527,128.527,-0.506582,788.942,0.0561657,10818.8,0.0,12.3307,19.8384,23.8395,28.1583,31.7255,33.9089,35.2113,36.4419,37.3785,38.3674,39.4132,40.5207,42.1857,44.2728,48.8276,61.6313,110.603,12.0485,4.09618,-1.0,-1.0,-1.0,-1.0,-1.0
19.246,-0.27042363636363637,0.9994355924063767,2.085181066009419e-10,4,128.472,13.5121,0.124546,114.151,117.985,129.354,129.354,-0.500272,789.785,0.0554249,10888.3,0.0,12.2768,19.7795,23.9425,28.4913,32.2935,34.6414,36.0495,37.3852,38.4051,39.4853,40.6312,41.8488,43.6873,46.0056,51.1182,65.8943,128.563,12.5007,4.1534,-1.0,-1.0,-1.0,-1.0,-1.0
19.268,-0.2690202272727273,0.9995766943047826,1.3553676929061225e-10,4,128.947,14.0741,0.124852,114.544,118.388,130.165,130.165,-0.493327,790.63,0.0546489,10956.5,0.0,12.2179,19.7399,24.0794,28.8844,32.9536,35.4909,37.0217,38.4801,39.598,40.7859,42.0506,43.3997,45.4467,48.0453,53.8461,71.1727,155.383,13.0694,4.21631,-1.0,-1.0,-1.0,-1.0,-1.0
19.29,-0.2676404545454546,0.9996825207285869,8.809890003889796e-11,4,129.414,14.6332,0.12541,114.928,118.778,130.974,130.974,-0.485744,791.478,0.053829,11024.5,0.0,12.1537,19.7203,24.2528,29.3443,33.7181,36.4749,38.1492,39.7522,40.9862,42.3025,43.7096,45.2171,47.5175,50.4607,57.1242,77.8335,199.48,13.8254,4.2851,-1.0,-1.0,-1.0,-1.0,-1.0
19.312,-0.26628431818181825,0.9997618905464402,5.7264285025283677e-11,4,129.873,15.1873,0.126148,115.305,119.156,131.763,131.763,-0.477493,792.328,0.052964,11090.8,0.0,12.0839,19.7216,24.4655,29.8783,34.6017,37.6146,39.4583,41.2333,42.6062,44.0771,45.6568,47.3578,49.9704,53.3435,61.1091,86.4479,200.0,14.3684,4.36018,-1.0,-1.0,-1.0,-1.0,-1.0
19.334,-0.2649547727272727,0.9998214179098301,3.722178526643439e-11,4,130.323,15.7342,0.126948,115.68,119.527,132.535,132.535,-0.468584,793.179,0.0520058,11155.7,0.0,12.0084,19.7452,24.7212,30.4961,35.6233,38.9377,40.983,42.9646,44.5058,46.1653,47.9572,49.8977,52.9012,56.8204,66.0261,97.9572,200.0,14.6433,4.44157,-1.0,-1.0,-1.0,-1.0,-1.0
19.356,-0.2636488636363637,0.9998660634323726,2.4194160423182354e-11,4,130.765,16.2717,0.127709,116.049,119.889,133.291,133.291,-0.459024,794.033,0.0509415,11219.3,0.0,11.9272,19.7927,25.0245,31.2094,36.8064,40.479,42.7671,45.0,46.7477,48.6405,50.697,52.9393,56.4414,61.0698,72.209,114.027,200.0,14.7694,4.52935,-1.0,-1.0,-1.0,-1.0,-1.0
19.378,-0.2623636363636364,0.9998995475742795,1.572620427506853e-11,4,131.2,16.798,0.128381,116.412,120.241,134.031,134.031,-0.448779,794.889,0.0497546,11281.5,0.0,11.8397,19.8654,25.3798,32.0313,38.1793,42.2819,44.866,47.4088,49.4137,51.5998,53.9927,56.6226,60.7749,66.3475,80.1718,137.903,136.185,14.8069,4.62398,-1.0,-1.0,-1.0,-1.0,-1.0
19.4,-0.2610961363636364,0.9999246606807096,1.0222032778794545e-11,4,131.629,17.3117,0.128926,116.774,120.589,134.755,134.755,-0.437876,795.746,0.0484819,11342.4,0.0,11.7462,19.9658,25.7938,32.9797,39.7799,44.4052,47.3553,50.2865,52.6178,55.1801,58.0095,61.1495,66.1726,73.0432,90.7579,176.894,70.512,14.7848,4.72535,-1.0,-1.0,-1.0,-1.0,-1.0
19.422,-0.2598493181818182,0.9999434955105322,6.644321306216455e-12,4,132.051,17.8113,0.12934,117.131,120.93,135.463,135.463,-0.426296,796.604,0.0470734,11401.9,0.0,11.6465,20.0959,26.273,34.075,41.6552,46.9246,50.3349,53.7623,56.5164,59.5726,62.9833,66.8137,73.0419,81.7679,105.44,200.0,50.7887,14.7224,4.83379,-1.0,-1.0,-1.0,-1.0,-1.0
19.444,-0.25862022727272727,0.9999576216328991,4.318808849040695e-12,4,132.467,18.2955,0.129642,117.484,121.263,136.154,136.154,-0.414036,797.464,0.0455177,11459.9,0.0,11.5405,20.2582,26.8259,35.3434,43.8675,49.9436,53.944,58.0197,61.3354,65.0584,69.2681,74.0664,82.0322,93.5474,127.052,200.0,41.1995,14.6307,4.94948,-1.0,-1.0,-1.0,-1.0,-1.0
19.466,-0.25740295454545453,0.9999682162246744,2.807225751876452e-12,4,132.879,18.7632,0.129847,117.834,121.591,136.826,136.826,-0.40112,798.325,0.0438118,11516.4,0.0,11.4284,20.4563,27.463,36.8184,46.5003,53.6061,58.3809,63.3266,67.4119,72.0666,77.418,83.6348,94.2417,110.24,161.831,200.0,35.4717,14.5162,5.07239,-1.0,-1.0,-1.0,-1.0,-1.0
19.488,-0.13740295454545454,0.9999761621685057,1.8246967387196938e-12,4,133.286,19.2131,0.130012,118.186,121.919,137.48,137.48,-0.387523,799.187,0.0419714,11571.4,0.0,11.3131,20.693,28.1955,38.5408,49.6649,58.1143,63.9337,70.0859,75.2662,81.2801,88.3458,96.765,111.679,135.586,200.0,200.0,31.626,14.3846,5.20295,-1.0,-1.0,-1.0,-1.0,-1.0
19.51,-0.01740295454545454,0.9999821216263793,1.186052880167801e-12,4,133.692,19.6493,0.130153,119.004,122.695,138.112,138.112,-0.373208,800.049,0.0399153,11624.5,0.0,11.2078,20.9687,29.0306,40.5509,53.4935,63.7335,71.0029,78.8888,85.6951,93.7946,103.594,115.689,138.315,178.171,200.0,112.159,28.8555,14.2441,5.34211,-1.0,-1.0,-1.0,-1.0,-1.0
19.532,0.0,0.9999865912197845,7.709343721090707e-13,4,134.115,20.0561,0.130189,120.196,123.8,138.71,138.71,-0.358147,800.913,0.0373888,11674.6,0.0,11.112,21.2754,29.9596,42.8635,58.1036,70.76,80.0872,90.545,99.8693,111.344,125.808,144.604,182.879,200.0,200.0,76.9872,26.7918,14.1091,5.49181,-1.0,-1.0,-1.0,-1.0,-1.0
19.554,0.0,0.9999899434148384,5.01107341870896e-13,4,134.577,20.3841,0.129981,121.109,124.569,139.253,139.253,-0.342321,801.778,0.0341735,11720.1,0.0,11.0237,21.604,30.9696,45.4877,63.6328,79.5955,91.9204,106.346,119.785,137.123,160.345,193.03,200.0,200.0,200.0,60.5519,25.2222,13.9884,5.65399,-1.0,-1.0,-1.0,-1.0,-1.0
19.576,0.0,0.9999924575611288,3.257197722160824e-13,4,135.068,20.618,0.129816,121.775,125.079,139.732,139.732,-0.325788,802.643,0.0302563,11760.2,0.0,10.9434,21.9545,32.0651,48.4722,70.3428,90.965,107.861,128.819,149.594,178.375,200.0,200.0,200.0,200.0,160.014,51.0454,23.9877,13.8784,5.81194,-1.0,-1.0,-1.0,-1.0,-1.0
19.598,0.0,0.9999943431708466,2.1171785194045359e-13,4,135.581,20.7555,0.129714,122.356,125.506,140.147,140.147,-0.308479,803.509,0.0256301,11794.8,0.0,10.8703,22.3245,33.2471,51.8704,78.5938,106.024,130.319,163.036,195.53,200.0,200.0,200.0,200.0,200.0,105.517,44.8653,22.9944,13.7784,5.95529,-1.0,-1.0,-1.0,-1.0,-1.0
19.62,0.0,0.999995757378135,1.3761660376129483e-13,4,136.111,20.7938,0.129401,122.916,125.912,140.506,140.506,-0.290415,804.376,0.0202385,11824.8,0.0,10.8047,22.7127,34.5167,55.7451,88.9027,126.739,164.016,200.0,200.0,200.0,200.0,200.0,200.0,163.259,81.1949,40.5382,22.1789,13.6865,6.08472,-1.0,-1.0,-1.0,-1.0,-1.0
19.642,0.0,0.9999968180336012,8.945079244484164e-14,4,136.66,20.7315,0.12801,123.48,126.32,140.817,140.817,-0.271575,805.243,0.0140657,11850.9,0.0,10.7465,23.1168,35.8735,60.1689,102.039,156.764,199.901,200.0,200.0,200.0,200.0,200.0,177.611,113.258,67.465,37.3494,21.4987,13.6012,6.20108,-1.0,-1.0,-1.0,-1.0,-1.0
19.664,0.0,0.9999976135252009,5.814301508914707e-14,4,137.228,20.5681,0.126284,124.059,126.741,141.086,141.086,-0.251956,806.111,0.00711453,11873.3,0.0,10.6958,23.5358,37.3184,65.2344,119.226,195.543,200.0,200.0,200.0,200.0,200.0,185.327,123.203,89.0898,58.6659,34.9055,20.9217,13.5205,6.30484,-1.0,-1.0,-1.0,-1.0,-1.0
19.686,0.0,0.9999982101439007,3.7792959807945596e-14,4,137.814,20.3071,0.1248,124.655,127.181,141.312,141.312,-0.232813,806.953,0.0179043,11892.2,0.0,10.6532,23.9701,38.856,71.0692,142.561,200.0,200.0,200.0,200.0,200.0,172.869,130.215,96.7917,74.849,52.544,32.969,20.4229,13.442,6.39631,-1.0,-1.0,-1.0,-1.0,-1.0
19.708,0.0,0.9999986576079255,2.4565423875164636e-14,4,138.417,19.9544,0.123262,125.269,127.644,141.496,141.496,-0.215515,807.8,0.0283428,11907.6,0.0,10.6192,24.4208,40.4928,77.8406,175.913,200.0,200.0,200.0,200.0,166.093,127.004,102.816,81.1804,65.4521,48.0305,31.3902,19.9828,13.3631,6.47567,-1.0,-1.0,-1.0,-1.0,-1.0
19.73,0.0,0.9999989932059441,1.5967525518857014e-14,4,139.039,19.5165,0.121363,125.899,128.129,141.637,141.637,-0.200087,808.651,0.0381217,11919.2,0.0,10.5946,24.8898,42.2365,85.7691,198.164,200.0,200.0,200.0,163.299,125.929,102.485,86.4049,70.851,58.7712,44.5529,30.0702,19.5865,13.2814,6.54288,-1.0,-1.0,-1.0,-1.0,-1.0
19.752,0.0,0.9999992449044581,1.037889158725706e-14,4,139.679,18.9974,0.119979,126.547,128.637,141.72,141.72,-0.186524,809.507,0.0472703,11925.9,0.0,10.5797,25.3778,44.0925,95.1341,200.0,200.0,200.0,163.718,126.663,103.293,87.2084,75.4635,63.499,53.7667,41.7824,28.9435,19.2236,13.1957,6.59816,-1.0,-1.0,-1.0,-1.0,-1.0
19.774,0.0,0.9999994336783435,6.746279531717089e-15,4,140.338,18.3991,0.119278,127.213,129.167,141.741,141.741,-0.174823,810.368,0.0558009,11927.5,0.0,10.575,25.884,46.061,106.281,200.0,200.0,200.0,129.142,105.214,88.7733,76.7811,67.6479,57.997,49.8745,39.5187,27.9664,18.887,13.1052,6.64177,-1.0,-1.0,-1.0,-1.0,-1.0
19.796,0.0,0.9999995752587576,4.385081695616108e-15,4,141.015,17.7223,0.119242,127.898,129.717,141.705,141.705,-0.164998,811.233,0.0637105,11924.2,0.0,10.5804,26.4063,48.1358,119.632,200.0,200.0,147.209,108.347,91.1639,78.6905,69.2242,61.7951,53.7293,46.7624,37.6333,27.1083,18.5717,13.0094,6.67386,-1.0,-1.0,-1.0,-1.0,-1.0
19.818,0.0,0.9999996814440681,2.8503031021504703e-15,4,141.709,16.9664,0.11971,128.605,130.287,141.615,141.615,-0.157052,812.102,0.070987,11916.5,0.0,10.5962,26.9411,50.3027,135.688,200.0,200.0,122.449,94.5218,81.287,71.308,63.5154,57.2622,50.3314,44.2224,36.04,26.3475,18.2743,12.9085,6.69467,-1.0,-1.0,-1.0,-1.0,-1.0
19.84,0.0,0.9999997610830511,1.8526970163978056e-15,4,142.421,16.1315,0.120454,129.333,130.876,141.478,141.478,-0.150983,812.976,0.0776151,11904.8,0.0,10.622,27.4834,52.5391,155.038,200.0,149.935,106.291,84.7244,74.0056,65.6988,59.0726,53.6644,47.5728,42.1169,34.6786,25.6679,17.9922,12.8024,6.70449,-1.0,-1.0,-1.0,-1.0,-1.0
19.862,0.0,0.9999998208122883,1.2042530606585737e-15,4,143.149,15.2179,0.121221,130.084,131.482,141.299,141.299,-0.146785,813.853,0.0835792,11889.6,0.0,10.6577,28.0276,54.814,178.329,200.0,128.189,95.0083,77.4738,68.4556,61.3221,55.5389,50.756,45.3003,40.3508,33.5051,25.0573,17.7234,12.6914,6.70354,-1.0,-1.0,-1.0,-1.0,-1.0
19.884,0.0,0.9999998656092163,7.827644894280729e-16,4,143.893,14.2276,0.121833,130.855,132.105,141.083,141.083,-0.144453,814.735,0.0888648,11871.2,0.0,10.7031,28.5672,57.0881,189.395,200.0,113.528,86.77,71.9442,64.124,57.8412,52.6833,48.3734,43.4075,38.8559,32.4865,24.5055,17.4661,12.5755,6.69206,-1.0,-1.0,-1.0,-1.0,-1.0
19.906,0.0,0.9999998992069122,5.087969181282474e-16,4,144.651,13.1639,0.1222,131.647,132.744,140.834,140.834,-0.143962,815.621,0.0934594,11850.2,0.0,10.7577,29.0951,59.3135,193.495,200.0,103.126,80.5739,67.6416,60.6894,55.0369,50.3511,46.4038,41.8195,37.583,31.5982,24.005,17.219,12.4549,6.67033,-1.0,-1.0,-1.0,-1.0,-1.0
19.928,0.0,0.9999999244051841,3.3071799678336083e-16,4,145.422,12.0321,0.122318,132.458,133.399,140.558,140.558,-0.145299,816.51,0.0973518,11826.9,0.0,10.8212,29.604,61.4359,195.998,200.0,95.5102,75.8279,64.2523,57.9398,52.7604,48.4343,44.7671,40.4812,36.4949,30.8209,23.5492,16.9807,12.3295,6.63856,-1.0,-1.0,-1.0,-1.0,-1.0
19.95,0.12,0.9999999433038881,2.1496669790918454e-16,4,146.204,10.8406,0.122257,133.285,134.066,140.265,140.265,-0.148418,817.404,0.100533,11802.2,0.0,10.8929,30.0858,63.3953,197.572,166.35,89.8463,72.1646,61.5717,55.7332,50.9096,46.8578,43.4064,39.3534,35.5647,30.1403,23.1335,16.7506,12.1997,6.59711,-1.0,-1.0,-1.0,-1.0,-1.0
19.972,0.21567000000000006,0.999999957477916,1.3972835364096996e-16,4,147.004,9.7075,0.12217,134.638,134.963,139.902,139.902,-0.153156,818.302,0.10162,11770.9,0.0,10.9524,30.3501,64.2959,197.574,159.775,87.674,70.6811,60.4405,54.7767,50.0869,46.14,42.7728,38.8124,35.1041,29.7845,22.895,16.6011,12.1033,6.55459,-1.0,-1.0,-1.0,-1.0,-1.0
19.994,0.21310840909090903,0.999999968108437,9.082342986663048e-17,4,147.871,8.31035,0.121858,136.204,135.227,139.239,139.239,-0.159009,819.204,0.0965023,11713.7,0.0,10.9395,29.8521,61.7056,193.248,200.0,95.4868,75.5585,63.8996,57.5607,52.3696,48.0407,44.3759,40.0986,36.1257,30.4799,23.26,16.7533,12.1543,6.53664,-1.0,-1.0,-1.0,-1.0,-1.0
20.016,0.2103843181818182,0.9999999760813278,5.903522941330981e-17,4,148.793,6.09404,0.121201,137.772,135.336,138.425,138.425,-0.165559,820.111,0.0842867,11646.1,0.0,10.8413,28.5662,56.0247,179.896,200.0,123.188,91.7153,74.9681,66.3235,59.4705,53.9048,49.2952,44.0296,39.2458,32.6186,24.4231,17.2929,12.3923,6.55212,-1.0,-1.0,-1.0,-1.0,-1.0
20.038,0.2078197727272727,0.9999999820609959,3.837289911865138e-17,4,149.661,3.65195,0.119938,138.995,135.602,138.229,138.229,-0.172431,821.023,0.0676929,11633.1,0.0,10.6964,26.9662,49.7945,129.186,200.0,200.0,130.624,98.8763,84.2566,73.4082,65.039,58.3869,51.0794,44.6947,36.2246,26.31,18.1485,12.7718,6.5914,-1.0,-1.0,-1.0,-1.0,-1.0
20.06,0.20555068181818184,0.999999986545747,2.49423844271234e-17,4,150.429,1.43979,0.118454,139.838,135.99,138.871,138.871,-0.179034,821.94,0.0491455,11689.5,0.0,10.5347,25.3805,44.3222,96.9564,194.627,200.0,200.0,155.452,121.902,100.269,85.1627,74.017,62.5621,53.1681,41.5055,28.8934,19.263,13.2548,6.64759,-1.0,-1.0,-1.0,-1.0,-1.0
20.082,0.2034913636363636,0.9999999899093102,1.621254987763021e-17,4,151.126,-0.432694,0.117919,140.431,136.443,139.891,139.891,-0.184818,822.861,0.030153,11776.0,0.0,10.3709,23.9426,39.8643,77.3631,176.207,198.05,200.0,200.0,200.0,162.234,125.832,102.779,81.8073,66.3475,49.009,32.2339,20.6108,13.8195,6.71757,-1.0,-1.0,-1.0,-1.0,-1.0
20.104,0.2015590909090909,0.9999999924319827,1.0538157420459637e-17,4,151.78,-2.01159,0.119415,140.909,136.928,140.982,140.982,-0.189487,823.786,0.0113677,11867.7,0.0,10.2099,22.6714,36.2687,64.5415,122.182,184.626,194.531,200.0,200.0,200.0,200.0,168.757,118.534,88.4628,59.9701,36.5249,22.2041,14.4607,6.80056,-1.0,-1.0,-1.0,-1.0,-1.0
20.126,0.19971250000000002,0.999999994323987,6.849802323298764e-18,4,152.405,-3.34944,0.123041,141.333,137.42,142.038,142.038,-0.192755,824.716,-0.0069654,11956.4,0.0,10.0511,21.5463,33.3296,55.5718,93.3016,141.498,179.591,189.903,195.193,199.684,200.0,200.0,200.0,132.12,77.1175,42.1344,24.0857,15.1845,6.89792,-1.0,-1.0,-1.0,-1.0,-1.0
20.148,0.1979279545454546,0.9999999957429903,4.452371510144197e-18,4,153.009,-4.49097,0.128089,141.736,137.921,143.032,143.032,-0.194462,825.649,-0.0247408,12039.8,0.0,9.89362,20.5435,30.8852,48.958,75.9086,104.899,131.779,169.795,182.125,188.871,194.153,198.636,200.0,200.0,107.269,49.6846,26.3176,15.9999,7.0108,-1.0,-1.0,-1.0,-1.0,-1.0
20.17,0.07792795454545459,0.9999999968072427,2.894041481593728e-18,4,153.6,-5.46218,0.13323,142.129,138.428,143.958,143.958,-0.194509,826.587,-0.0418884,12117.5,0.0,9.73656,19.6424,28.8192,43.8818,64.2962,83.9063,100.241,120.847,141.66,170.348,181.621,188.219,195.275,200.0,200.0,60.2623,28.98,16.9169,7.14008,7.18824,7.17969,7.17335,7.1692,7.16723
20.192,0.0,0.999999997605432,1.881126963035923e-18,4,154.202,-6.34371,0.137149,142.781,139.425,144.754,144.754,-0.192872,827.528,-0.0573732,12183.6,0.0,9.58784,18.8721,27.1459,40.0779,56.4256,70.9798,82.3296,95.7403,108.358,124.817,147.185,173.334,185.092,193.549,200.0,74.7865,31.9695,17.8822,7.27802,-1.0,-1.0,-1.0,-1.0,-1.0
20.214,0.0,0.999999998204074,1.22273252597335e-18,4,154.862,-6.85395,0.138805,143.127,140.62,145.25,145.25,-0.189761,828.473,-0.0687844,12224.0,0.0,9.46716,18.3142,25.9917,37.6112,51.671,63.6344,72.6231,82.8805,92.1897,103.864,118.933,139.13,173.664,185.924,199.523,91.1008,34.677,18.7113,7.4013,-1.0,-1.0,-1.0,-1.0,-1.0
20.236,0.0,0.9999999986530556,7.947761418826775e-19,4,155.578,-6.66562,0.13904,143.341,141.684,145.453,145.453,-0.185226,829.422,-0.0760008,12240.4,0.0,9.37241,17.939,25.2552,36.1204,48.9433,59.5846,67.4223,76.2055,84.0326,93.6596,105.787,121.532,153.548,179.647,195.31,105.916,36.7448,19.3351,7.50509,-1.0,-1.0,-1.0,-1.0,-1.0
20.258,0.0,0.9999999989897916,5.166044922237404e-19,4,156.322,-6.05087,0.13834,143.693,142.658,145.531,145.531,-0.179275,830.376,-0.0803572,12246.6,0.0,9.29069,17.6708,24.761,35.1763,47.295,57.2126,64.4378,72.4559,79.532,88.1473,98.8643,112.558,139.656,174.62,192.202,117.797,38.2551,19.8067,7.59854,-1.0,-1.0,-1.0,-1.0,-1.0
20.28,0.0,0.9999999992423437,3.3579291994543124e-19,4,157.079,-5.19964,0.137075,144.155,143.579,145.595,145.595,-0.171954,831.333,-0.0826644,12252.1,0.0,9.21494,17.4689,24.4184,34.5695,46.2956,55.8241,62.7279,70.352,77.0483,85.1605,95.19,107.907,132.752,170.947,190.0,125.784,39.2949,20.1647,7.68719,-1.0,-1.0,-1.0,-1.0,-1.0
20.302,0.0,0.9999999994317578,2.182653979645303e-19,4,157.837,-4.25976,0.135595,144.699,144.446,145.737,145.737,-0.163384,832.295,-0.0835687,12264.5,0.0,9.14056,17.3056,24.1672,34.1681,45.6883,55.0241,61.774,69.2146,75.7376,83.6251,93.3543,105.655,129.572,168.656,188.468,130.062,39.9852,20.4461,7.77505,-1.0,-1.0,-1.0,-1.0,-1.0
20.324,0.0,0.9999999995738184,1.4187250867694472e-19,4,158.588,-3.3505,0.134173,145.306,145.254,146.009,146.009,-0.153713,833.26,-0.0836281,12287.9,0.0,9.06413,17.1594,23.9616,33.8744,45.2911,54.5413,61.2285,68.599,75.0598,82.8712,92.505,104.682,128.354,167.436,187.348,131.767,40.4664,20.6873,7.86548,-1.0,-1.0,-1.0,-1.0,-1.0
20.346,0.0,0.9999999996803638,9.221713064001407e-20,4,159.329,-2.55215,0.13304,145.953,146.004,146.411,146.411,-0.143156,834.23,-0.0832802,12322.3,0.0,8.98382,17.0158,23.7697,33.6204,44.9778,54.1895,60.8543,68.2052,74.6534,82.455,92.0854,104.272,128.004,166.752,186.419,132.219,40.8589,20.9167,7.96033,-1.0,-1.0,-1.0,-1.0,-1.0
20.368,0.0,0.9999999997602729,5.994113491600916e-20,4,160.062,-1.89999,0.13211,146.622,146.71,146.913,146.913,-0.131881,835.204,-0.0828086,12364.7,0.0,8.89877,16.866,23.5722,33.3643,44.6707,53.8541,60.5056,67.8491,74.2968,82.1056,91.7565,103.987,127.865,166.186,185.535,132.354,41.2432,21.1526,8.06058,-1.0,-1.0,-1.0,-1.0,-1.0
20.39,0.0,0.9999999998202047,3.8961737695405955e-20,4,160.79,-1.3929,0.131809,147.298,147.388,147.47,147.47,-0.120036,836.182,-0.0823563,12411.8,0.0,8.80902,16.7067,23.3606,33.0872,44.3336,53.4809,60.1132,67.4423,73.8834,81.6916,91.353,103.615,127.612,165.544,184.625,132.637,41.6579,21.4031,8.16619,-1.0,-1.0,-1.0,-1.0,-1.0
20.412,0.0,0.9999999998651535,2.5325129502013872e-20,4,161.514,-1.01072,0.132324,147.974,148.052,148.056,148.056,-0.107746,837.164,-0.0819749,12461.2,0.0,8.71517,16.5378,23.1337,32.7844,43.9565,53.0538,59.6558,66.9573,73.3791,81.1703,90.8203,103.083,127.131,164.772,183.666,133.214,42.114,21.6696,8.27653,-1.0,-1.0,-1.0,-1.0,-1.0
20.434,0.0,0.9999999998988651,1.646133417630902e-20,4,162.235,-0.728049,0.133222,148.647,148.71,148.66,148.66,-0.095129,838.151,-0.0816709,12512.0,0.0,8.61814,16.3607,22.8934,32.4587,43.5424,52.5761,59.1367,66.397,72.7866,80.5438,90.1593,102.391,126.417,163.876,182.656,134.084,42.6085,21.9498,8.39055,-1.0,-1.0,-1.0,-1.0,-1.0
20.456,0.0,0.9999999999241489,1.0699867214600863e-20,4,162.953,-0.521479,0.134348,149.315,149.365,149.27,149.27,-0.0822478,839.142,-0.0814358,12563.4,0.0,8.51847,16.177,22.6419,32.1134,43.0966,52.0548,58.5643,65.7715,72.1175,79.8257,89.3864,101.558,125.497,162.873,181.601,135.209,43.1361,22.2418,8.50764,-1.0,-1.0,-1.0,-1.0,-1.0
20.478,0.0,0.9999999999431117,6.954913689490562e-21,4,163.67,-0.371674,0.135631,149.98,150.018,149.887,149.887,-0.0691663,840.137,-0.081257,12615.3,0.0,8.41678,15.988,22.3816,31.7527,42.6256,51.4989,57.9493,65.0938,71.387,79.034,88.5233,100.611,124.41,161.784,180.509,136.537,43.6902,22.543,8.62709,-1.0,-1.0,-1.0,-1.0,-1.0
20.5,0.0,0.9999999999573338,4.520693898168866e-21,4,164.385,-0.263702,0.136981,150.642,150.671,150.508,150.508,-0.0559307,841.136,-0.0811228,12667.6,0.0,8.31353,15.7949,22.1144,31.3801,42.1351,50.9158,57.301,64.3752,70.6083,78.1845,87.5893,99.5747,123.19,160.623,179.386,138.026,44.2654,22.8516,8.74838,-1.0,-1.0,-1.0,-1.0,-1.0
20.522,0.0,0.9999999999680004,2.9384510338097627e-21,4,165.099,-0.186304,0.138278,151.302,151.323,151.13,151.13,-0.0425629,842.14,-0.0810231,12720.0,0.0,8.20898,15.5985,21.8417,30.9978,41.629,50.3112,56.6263,63.6244,69.7917,77.2894,86.5994,98.468,121.866,159.402,178.239,139.642,44.8575,23.1661,8.87121,-1.0,-1.0,-1.0,-1.0,-1.0
20.544,0.0,0.9999999999760003,1.9099931719763456e-21,4,165.812,-0.131234,0.139429,151.96,151.975,151.754,151.754,-0.0290816,843.148,-0.0809506,12772.5,0.0,8.10333,15.3993,21.5645,30.6077,41.1103,49.6894,55.9305,62.8478,68.9447,76.3581,85.5652,97.3055,120.46,158.131,177.069,141.359,45.4636,23.4857,8.99536,-1.0,-1.0,-1.0,-1.0,-1.0
20.566,0.0,0.9999999999820002,1.2414955617846248e-21,4,166.524,-0.0921896,0.140384,152.616,152.627,152.378,152.378,-0.0155157,844.161,-0.0808984,12825.0,0.0,7.99686,15.1981,21.284,30.2119,40.5823,49.0548,55.2192,62.0521,68.0754,75.4001,84.4983,96.1017,118.993,156.816,175.883,143.153,46.0802,23.809,9.12048,-1.0,-1.0,-1.0,-1.0,-1.0
20.588,0.0,0.9999999999865001,8.069721151600061e-22,4,167.234,-0.0646474,0.141126,153.271,153.279,153.002,153.002,-0.00186817,845.177,-0.0808612,12877.5,0.0,7.88964,14.9952,21.0006,29.8113,40.0467,48.4099,54.4953,61.2413,67.1883,74.4209,83.4056,94.8657,117.479,155.461,174.681,145.007,46.7056,24.1355,9.24651,-1.0,-1.0,-1.0,-1.0,-1.0
20.61,-0.12,0.9999999999898751,5.24531874854004e-22,4,167.944,-0.0452485,0.141691,153.924,153.93,153.626,153.626,0.0118663,846.198,-0.0808347,12930.0,0.0,7.78166,14.7905,20.7145,29.4064,39.5046,47.7564,53.7611,60.4179,66.2868,73.4247,82.2923,93.6043,115.929,154.069,173.467,146.908,47.3386,24.4651,9.37345,-1.0,-1.0,-1.0,-1.0,-1.0
20.632,-0.1625,0.9999999999924063,3.409457186551026e-22,4,168.64,-0.208932,0.142187,154.188,154.693,154.262,154.262,0.0254155,847.224,-0.0780951,12983.7,0.0,7.6929,14.6796,20.6197,29.3945,39.6792,48.1562,54.3665,61.2927,67.4354,74.9529,84.364,96.4861,120.802,156.092,173.59,139.627,46.9774,24.5304,9.46849,-1.0,-1.0,-1.0,-1.0,-1.0
20.654,-0.04250000000000001,0.9999999999943048,2.216147171258167e-22,4,169.308,0.187988,0.142637,154.236,155.723,155.002,155.002,0.038241,848.254,-0.070093,13046.5,0.0,7.6442,14.7589,20.9149,30.1991,41.3807,50.8503,57.9383,65.9986,73.288,82.3945,94.0935,109.674,142.795,161.801,176.031,119.667,44.8497,24.0939,9.49831,-1.0,-1.0,-1.0,-1.0,-1.0
20.676,0.0,0.9999999999957285,1.4404956613178085e-22,4,169.984,1.14673,0.142742,154.874,156.7,155.742,155.742,0.0503343,849.288,-0.0611545,13108.1,0.0,7.60746,14.8871,21.3165,31.2557,43.6315,54.4762,62.8222,72.5611,81.6048,93.2319,108.732,130.427,156.478,166.3,178.5,103.344,42.6554,23.5877,9.51147,-1.0,-1.0,-1.0,-1.0,-1.0
20.698,0.0,0.9999999999967963,9.363221798565755e-23,4,170.686,1.66371,0.143523,155.887,157.001,156.299,156.299,0.0619995,850.327,-0.0560912,13154.6,0.0,7.54792,14.8864,21.4464,31.739,44.8189,56.5292,65.7042,76.5942,86.8888,100.389,118.868,145.454,159.354,167.843,179.222,96.4961,41.7158,23.4223,9.56249,-1.0,-1.0,-1.0,-1.0,-1.0
20.72,0.0,0.9999999999975973,6.086094169067741e-23,4,171.394,1.60799,0.144182,156.842,157.343,156.818,156.818,0.0732569,851.37,-0.0539874,13198.2,0.0,7.4714,14.7839,21.3543,31.7286,45.0296,57.0505,66.5442,77.8995,88.7218,103.046,122.896,148.135,159.618,167.704,178.784,94.5145,41.5919,23.4958,9.64118,-1.0,-1.0,-1.0,-1.0,-1.0
20.742,0.0,0.9999999999981979,3.955961209894032e-23,4,172.102,1.34746,0.144925,157.649,157.837,157.361,157.361,0.0841207,852.418,-0.0532497,13244.1,0.0,7.38871,14.6372,21.1618,31.4871,44.7671,56.8096,66.3478,77.7882,88.7241,103.247,123.466,147.892,158.899,166.86,177.838,94.451,41.8161,23.6723,9.73078,-1.0,-1.0,-1.0,-1.0,-1.0
20.764,0.0,0.9999999999986484,2.5713747864311207e-23,4,172.807,1.05087,0.145807,158.37,158.415,157.932,157.932,0.0946292,853.47,-0.0531181,13292.2,0.0,7.30479,14.474,20.9293,31.149,44.3006,56.2339,65.6905,77.0388,87.8925,102.315,122.411,146.782,157.772,165.715,176.67,95.185,42.1862,23.8908,9.82366,-1.0,-1.0,-1.0,-1.0,-1.0
20.786,0.0,0.9999999999989864,1.6713936111802286e-23,4,173.51,0.785248,0.14673,159.047,159.033,158.523,158.523,0.104928,854.527,-0.0532268,13342.0,0.0,7.221,14.3055,20.6828,30.7758,43.7582,55.5321,64.8583,76.0455,86.7404,100.945,120.723,145.336,156.483,164.449,175.413,96.2318,42.6125,24.1247,9.91728,-1.0,-1.0,-1.0,-1.0,-1.0
20.808,0.0,0.9999999999992397,1.0864058472671486e-23,4,174.212,0.570636,0.147553,159.703,159.668,159.127,159.127,0.11503,855.588,-0.0534068,13392.8,0.0,7.13834,14.1378,20.4357,30.3976,43.2014,54.8038,63.9877,74.9966,85.5133,99.4694,118.88,143.776,155.145,163.146,174.126,97.3655,43.0513,24.3606,10.01,-1.0,-1.0,-1.0,-1.0,-1.0
20.83,0.0,0.9999999999994298,7.061638007236467e-24,4,174.911,0.406626,0.148173,160.348,160.311,159.736,159.736,0.125021,856.653,-0.0535871,13444.1,0.0,7.05661,13.9719,20.1915,30.0239,42.6516,54.0849,63.1287,73.9621,84.3036,98.0159,117.066,142.194,153.804,161.839,172.835,98.4956,43.4868,24.5944,10.1017,-1.0,-1.0,-1.0,-1.0,-1.0
20.852,0.0,0.9999999999995723,4.590064704703703e-24,4,175.609,0.285573,0.148605,160.988,160.955,160.348,160.348,0.134937,857.722,-0.0537409,13495.6,0.0,6.97568,13.8084,19.9513,29.6579,42.1161,53.3878,62.2984,72.9662,83.1433,96.6281,115.344,140.627,152.477,160.541,171.549,99.5867,43.9131,24.8246,10.1925,-1.0,-1.0,-1.0,-1.0,-1.0
20.874,0.0,0.9999999999996793,2.983542058057407e-24,4,176.307,0.19832,0.148914,161.625,161.599,160.959,160.959,0.14482,858.796,-0.0538622,13547.0,0.0,6.89523,13.6465,19.7145,29.2991,41.5943,52.7124,61.4974,72.01,82.0343,95.3092,113.72,139.086,151.167,159.255,170.27,100.632,44.3298,25.0514,10.2826,-1.0,-1.0,-1.0,-1.0,-1.0
20.896,0.0,0.9999999999997594,1.9393023377373146e-24,4,177.003,0.136428,0.149196,162.262,162.243,161.569,161.569,0.154676,859.874,-0.053954,13598.3,0.0,6.8152,13.4862,19.4806,28.9465,41.0845,52.056,60.7221,71.0888,80.9703,94.0506,112.182,137.57,149.872,157.979,168.997,101.635,44.7376,25.2752,10.3722,-1.0,-1.0,-1.0,-1.0,-1.0
20.918,0.0,0.9999999999998196,1.2605465195292546e-24,4,177.698,0.0933148,0.149544,162.898,162.884,162.177,162.177,0.164547,860.957,-0.0540203,13649.5,0.0,6.73522,13.3265,19.2484,28.5978,40.5832,51.4134,59.9656,70.1936,79.9403,92.8384,110.709,136.073,148.59,156.711,167.727,102.603,45.1391,25.4972,10.4616,-1.0,-1.0,-1.0,-1.0,-1.0
20.94,0.0,0.9999999999998647,8.1935523769401555e-25,4,178.392,0.0634815,0.150017,163.534,163.524,162.783,162.783,0.174424,862.043,-0.0540673,13700.5,0.0,6.65531,13.1675,19.0175,28.2523,40.0882,50.7812,59.2235,69.3183,78.9362,91.6612,109.287,134.585,147.315,155.446,166.459,103.545,45.5356,25.7177,10.5509,-1.0,-1.0,-1.0,-1.0,-1.0
20.962,0.0,0.9999999999998985,5.325809045011102e-25,4,179.084,0.0430902,0.150625,164.169,164.162,163.389,163.389,0.184318,863.134,-0.0540997,13751.5,0.0,6.57536,13.0086,18.7874,27.9086,39.5975,50.156,58.4912,68.4566,77.95,90.5085,107.9,133.095,146.044,154.184,165.191,104.467,45.9288,25.9373,10.6402,-1.0,-1.0,-1.0,-1.0,-1.0
20.984,0.0,0.9999999999999238,3.4617758792572163e-25,4,179.776,0.0292255,0.151341,164.804,164.799,163.993,163.993,0.19424,864.229,-0.0541219,13802.4,0.0,6.49525,12.8497,18.5573,27.5657,39.1089,49.5347,57.7644,67.603,76.9747,89.371,106.536,131.593,144.775,152.92,163.92,105.376,46.3201,26.1567,10.7296,-1.0,-1.0,-1.0,-1.0,-1.0
21.006,0.0,0.9999999999999429,2.250154321517191e-25,4,180.467,0.019787,0.152108,165.438,165.435,164.598,164.598,0.204182,865.329,-0.0541371,13853.2,0.0,6.41502,12.6907,18.3273,27.2233,38.6216,48.9159,57.0413,66.7546,76.0065,88.2434,105.186,130.066,143.504,151.655,162.646,106.277,46.7103,26.3758,10.8191,-1.0,-1.0,-1.0,-1.0,-1.0
21.028,0.0,0.9999999999999571,1.462600308986174e-25,4,181.156,0.0133611,0.152872,166.071,166.069,165.201,165.201,0.214171,866.432,-0.0541476,13904.0,0.0,6.33443,12.531,18.0965,26.88,38.1336,48.2967,56.3183,65.907,75.0399,87.1188,103.842,128.494,142.23,150.385,161.368,107.175,47.1009,26.5956,10.909,-1.0,-1.0,-1.0,-1.0,-1.0
21.05,0.0,0.9999999999999678,9.506902008410132e-26,4,181.844,0.00902433,0.153596,166.704,166.702,165.804,165.804,0.224195,867.54,-0.0541548,13954.7,0.0,6.25359,12.371,17.8652,26.536,37.645,47.6772,55.5952,65.0599,74.0743,85.9962,102.501,126.858,140.951,149.112,160.085,108.071,47.4919,26.8158,10.9991,-1.0,-1.0,-1.0,-1.0,-1.0
21.072,0.0,0.9999999999999758,6.179486305466586e-26,4,182.531,0.0060624,0.154268,167.335,167.334,166.405,166.405,0.234238,868.652,-0.05416,14005.3,0.0,6.17261,12.2107,17.6336,26.1917,37.1561,47.0575,54.8721,64.213,73.1094,84.8748,101.163,125.198,139.668,147.833,158.796,108.966,47.8831,27.0363,11.0894,-1.0,-1.0,-1.0,-1.0,-1.0
21.094,0.0,0.9999999999999818,4.016666098553281e-26,4,183.217,0.00411473,0.15488,167.965,167.965,167.006,167.006,0.244334,869.768,-0.0541631,14055.9,0.0,6.09122,12.0496,17.4009,25.846,36.6654,46.4356,54.1466,63.3637,72.1419,83.7511,99.822,123.537,138.38,146.549,157.503,109.863,48.2758,27.2578,11.1802,-1.0,-1.0,-1.0,-1.0,-1.0
21.116,0.0,0.9999999999999863,2.610832964059633e-26,4,183.902,0.00275,0.15546,168.595,168.594,167.606,167.606,0.25447,870.888,-0.0541657,14106.3,0.0,6.00949,11.8879,17.1674,25.4989,36.1728,45.8115,53.4186,62.5114,71.1713,82.6236,98.4773,121.871,137.084,145.259,156.203,110.762,48.6699,27.4801,11.2713,-1.0,-1.0,-1.0,-1.0,-1.0
21.138,0.0,0.9999999999999898,1.6970414266387612e-26,4,184.586,0.00169491,0.156028,169.223,169.223,168.204,168.204,0.264621,872.013,-0.0541683,14156.7,0.0,5.92765,11.7259,16.9334,25.1513,35.6795,45.1865,52.6896,61.658,70.1993,81.4946,97.1308,120.203,135.783,143.964,154.897,111.663,49.0645,27.7027,11.3625,-1.0,-1.0,-1.0,-1.0,-1.0
21.16,0.0,0.9999999999999923,1.1030769273151949e-26,4,185.268,0.0012992,0.15659,169.851,169.85,168.801,168.801,0.274824,873.141,-0.0541683,14206.9,0.0,5.84542,11.5633,16.6985,24.8024,35.1845,44.5596,51.9586,60.8026,69.2253,80.364,95.7833,118.535,134.476,142.663,153.586,112.563,49.4603,27.9262,11.4542,-1.0,-1.0,-1.0,-1.0,-1.0
21.182,0.0,0.9999999999999942,7.170000027548767e-27,4,185.95,0.00102469,0.157168,170.477,170.477,169.398,169.398,0.285072,874.274,-0.0541683,14257.1,0.0,5.76281,11.3999,16.4625,24.4519,34.6873,43.9299,51.2244,59.9433,68.2471,79.2284,94.4297,116.86,133.162,141.356,152.269,113.468,49.8579,28.1507,11.5463,4.30664,4.3006,4.29587,4.29246,4.29037
21.204,0.0,0.9999999999999957,4.6605000179066984e-27,4,186.63,0.000820675,0.157767,171.102,171.102,169.993,169.993,0.29533,875.411,-0.0541683,14307.2,0.0,5.68012,11.2363,16.2263,24.101,34.1895,43.2996,50.4894,59.0832,67.2678,78.0915,93.0747,115.183,131.841,140.042,150.946,114.374,50.2559,28.3754,11.6384,-1.0,-1.0,-1.0,-1.0,-1.0
21.226,0.0,0.9999999999999968,3.029325011639354e-27,4,187.309,0.000656446,0.158365,171.727,171.726,170.587,170.587,0.305646,876.552,-0.0541683,14357.1,0.0,5.59697,11.0718,15.9888,23.7482,33.689,42.6657,49.7502,58.2182,66.283,76.9483,91.7122,113.497,130.513,138.722,149.616,115.285,50.6562,28.6014,11.7311,-1.0,-1.0,-1.0,-1.0,-1.0
21.248,0.0,0.9999999999999976,1.9690612575655804e-27,4,187.987,0.000538204,0.158971,172.35,172.35,171.18,171.18,0.31601,877.698,-0.0541683,14407.0,0.0,5.51343,10.9065,15.7501,23.3938,33.1862,42.0289,49.0077,57.3493,65.2937,75.7998,90.3433,111.803,129.177,137.396,148.28,116.2,51.0583,28.8284,11.8242,-1.0,-1.0,-1.0,-1.0,-1.0
21.27,-0.12,0.9999999999999982,1.2798898174176273e-27,4,188.664,0.000447354,0.159593,172.972,172.972,171.772,171.772,0.326383,878.847,-0.0541683,14456.9,0.0,5.42981,10.7411,15.5113,23.039,32.6829,41.3915,48.2645,56.4796,64.3035,74.6502,88.9732,110.108,127.834,136.063,146.938,117.349,51.4607,29.0556,11.9174,-1.0,-1.0,-1.0,-1.0,-1.0
21.292,-0.1625,0.9999999999999987,8.319283813214577e-28,4,189.324,-0.151833,0.160287,173.17,173.718,172.378,172.378,0.336515,880.0,-0.0511662,14508.1,0.0,5.36261,10.6584,15.4499,23.0814,32.9861,42.056,49.3,58.0599,66.507,77.8375,93.8301,116.99,128.556,136.185,146.648,113.029,50.8782,28.9723,11.9685,-1.0,-1.0,-1.0,-1.0,-1.0
21.314,-0.1625,0.999999999999999,5.407534478589475e-28,4,189.954,0.398211,0.160981,173.131,174.74,173.092,173.092,0.345796,881.158,-0.0424477,14568.7,0.0,5.32974,10.7423,15.7493,23.9521,35.0388,45.6556,54.4748,65.5677,76.7365,92.4998,115.548,124.809,132.272,138.714,148.214,101.39,48.5798,28.3175,11.9367,-1.0,-1.0,-1.0,-1.0,-1.0
21.336,-0.04250000000000001,0.9999999999999992,3.514897411083159e-28,4,190.56,1.41124,0.160955,173.286,175.692,173.907,173.907,0.353938,882.32,-0.0302818,14637.5,0.0,5.32328,10.9488,16.3262,25.5251,38.7917,52.4914,64.6962,81.2367,99.3978,118.917,125.917,130.949,136.648,142.106,150.613,88.5294,45.5869,27.3715,11.8529,-1.0,-1.0,-1.0,-1.0,-1.0
21.358,0.0,0.9999999999999994,2.284683317204054e-28,4,191.184,2.61941,0.16167,174.087,176.427,174.609,174.609,0.360902,883.486,-0.0191045,14695.4,0.0,5.32222,11.161,16.9253,27.2327,43.182,61.161,78.6489,104.914,120.018,126.192,130.912,134.911,139.774,144.635,152.44,79.3636,43.1603,26.5588,11.7747,-1.0,-1.0,-1.0,-1.0,-1.0
21.38,0.0,0.9999999999999996,1.485044156182635e-28,4,191.846,3.06151,0.163503,175.216,176.562,175.049,175.049,0.367014,884.656,-0.0131034,14731.8,0.0,5.30205,11.2388,17.2077,28.1611,45.8566,66.9754,88.8175,116.22,123.256,128.278,132.444,136.096,140.631,145.23,152.707,75.3497,42.0453,26.1921,11.7545,-1.0,-1.0,-1.0,-1.0,-1.0
21.402,0.0,0.9999999999999997,9.652787015187128e-29,4,192.523,2.74558,0.164706,176.227,176.785,175.445,175.445,0.372326,885.83,-0.0108563,14765.3,0.0,5.2691,11.2147,17.2345,28.3936,46.7356,69.1493,92.9526,117.235,123.448,128.165,132.156,135.689,140.103,144.604,151.952,74.1217,41.7373,26.116,11.7731,-1.0,-1.0,-1.0,-1.0,-1.0
21.424,0.0,0.9999999999999998,6.274311559871634e-29,4,193.199,2.18531,0.165704,177.053,177.205,175.894,175.894,0.376898,887.009,-0.0103624,14803.3,0.0,5.23325,11.1484,17.1467,28.2912,46.6803,69.2728,93.4133,116.521,122.54,127.171,131.106,134.599,138.972,143.437,150.739,74.0415,41.7738,26.1641,11.8063,-1.0,-1.0,-1.0,-1.0,-1.0
21.446,0.0,0.9999999999999998,4.0783025139165625e-29,4,193.872,1.62261,0.166821,177.765,177.739,176.398,176.398,0.380866,888.192,-0.0105995,14845.9,0.0,5.19871,11.0701,17.0195,28.0611,46.2466,68.531,92.2721,115.207,121.213,125.829,129.753,133.235,137.596,142.05,149.337,74.412,41.9435,26.2582,11.8432,-1.0,-1.0,-1.0,-1.0,-1.0
21.468,0.0,0.9999999999999998,2.6508966340457657e-29,4,194.541,1.15151,0.167546,178.415,178.327,176.942,176.942,0.384386,889.379,-0.0110611,14891.8,0.0,5.16683,10.9929,16.8879,27.8055,45.7218,67.5669,90.7085,113.722,119.765,124.388,128.311,131.791,136.147,140.597,147.878,74.9103,42.147,26.3617,11.879,-1.0,-1.0,-1.0,-1.0,-1.0
21.49,0.0,0.9999999999999998,1.7230828121297476e-29,4,195.208,0.791723,0.167659,179.034,178.939,177.508,177.508,0.387562,890.57,-0.0115254,14939.5,0.0,5.13783,10.922,16.766,27.5665,45.2268,66.6531,89.2239,112.251,118.324,122.951,126.872,130.348,134.699,139.142,146.416,75.3959,42.3415,26.4592,11.9119,-1.0,-1.0,-1.0,-1.0,-1.0
21.512,0.0,0.9999999999999998,1.120003827884336e-29,4,195.872,0.531638,0.167468,179.64,179.557,178.083,178.083,0.390553,891.765,-0.0119133,14987.9,0.0,5.11081,10.8568,16.6554,27.353,44.7928,65.8649,87.9605,110.853,116.933,121.553,125.466,128.934,133.275,137.709,144.971,75.8232,42.5149,26.5473,11.9423,-1.0,-1.0,-1.0,-1.0,-1.0
21.534,0.0,0.9999999999999998,7.280024881248185e-30,4,196.535,0.350351,0.167247,180.241,180.177,178.662,178.662,0.393397,892.964,-0.0122094,15036.6,0.0,5.08549,10.7972,16.5559,27.1657,44.4231,65.2102,86.9312,109.543,115.599,120.201,124.099,127.554,131.881,136.302,143.546,76.1821,42.6651,26.6254,11.9704,-1.0,-1.0,-1.0,-1.0,-1.0
21.556,0.0,0.9999999999999998,4.7320161728113206e-30,4,197.196,0.227271,0.16713,180.841,180.794,179.24,179.24,0.396141,894.167,-0.0124238,15085.2,0.0,5.06142,10.742,16.4653,27.0,44.1072,64.6673,86.0976,108.309,114.316,118.889,122.766,126.204,130.511,134.916,142.137,76.4805,42.795,26.6952,11.9966,-1.0,-1.0,-1.0,-1.0,-1.0
21.578,0.0,0.9999999999999998,3.0758105123273583e-30,4,197.856,0.145491,0.167244,181.441,181.408,179.816,179.816,0.398837,895.374,-0.0125728,15133.7,0.0,5.03809,10.6896,16.381,26.8499,43.831,64.208,85.411,107.132,113.07,117.606,121.457,124.875,129.161,133.545,140.741,76.732,42.9097,26.7588,12.0216,-1.0,-1.0,-1.0,-1.0,-1.0
21.6,0.0,0.9999999999999998,1.999276833012783e-30,4,198.515,0.0921204,0.167646,182.041,182.02,180.39,180.39,0.401499,896.585,-0.0126733,15182.1,0.0,5.01529,10.6392,16.3012,26.7112,43.5839,63.8097,84.8311,105.997,111.852,116.345,120.166,123.561,127.822,132.186,139.353,76.9483,43.013,26.8179,12.0457,-1.0,-1.0,-1.0,-1.0,-1.0
21.622,0.0,0.9999999999999998,1.2995299414583089e-30,4,199.173,0.0578428,0.168332,182.642,182.628,180.964,180.964,0.404141,897.8,-0.0127392,15230.3,0.0,4.99283,10.5903,16.2245,26.5804,43.3569,63.4539,84.3255,104.888,110.651,115.097,118.886,122.257,126.491,130.832,137.968,77.1396,43.1083,26.8738,12.0693,-1.0,-1.0,-1.0,-1.0,-1.0
21.644,0.0,0.9999999999999998,8.446944619479007e-31,4,199.83,0.0361276,0.169222,183.244,183.234,181.536,181.536,0.406779,899.02,-0.0127814,15278.4,0.0,4.97053,10.5422,16.1497,26.4545,43.143,63.1258,83.8688,103.795,109.461,113.857,117.612,120.958,125.164,129.48,136.585,77.3142,43.1984,26.9277,12.0925,-1.0,-1.0,-1.0,-1.0,-1.0
21.666,0.0,0.9999999999999998,5.490514002661354e-31,4,200.485,0.0224656,0.170206,183.844,183.839,182.108,182.108,0.409417,900.243,-0.0128081,15326.6,0.0,4.94829,10.4945,16.0759,26.3317,42.9373,62.8154,83.4434,102.71,108.276,112.621,116.341,119.66,123.838,128.128,135.199,77.478,43.2853,26.9804,12.1155,-1.0,-1.0,-1.0,-1.0,-1.0
21.688,0.0,0.9999999999999998,3.5688341017298804e-31,4,201.139,0.0139227,0.171187,184.445,184.441,182.679,182.679,0.41206,901.47,-0.0128249,15374.6,0.0,4.92606,10.4471,16.0028,26.2106,42.7364,62.5156,83.037,101.628,107.094,111.385,115.07,118.361,122.51,126.775,133.811,77.6352,43.3701,27.0324,12.1384,-1.0,-1.0,-1.0,-1.0,-1.0
21.71,0.0,0.9999999999999998,2.3197421661244225e-31,4,201.791,0.00861619,0.172073,185.044,185.042,183.25,183.25,0.414705,902.701,-0.0128354,15422.6,0.0,4.90385,10.3998,15.9301,26.0907,42.5388,62.2228,82.6431,100.545,105.91,110.149,113.797,117.061,121.179,125.418,132.419,77.7881,43.4536,27.0839,12.1613,-1.0,-1.0,-1.0,-1.0,-1.0
21.732,0.0,0.9999999999999998,1.5078324079808747e-31,4,202.442,0.00531959,0.172831,185.642,185.641,183.819,183.819,0.417355,903.937,-0.0128419,15470.6,0.0,4.88162,10.3525,15.8575,25.9713,42.3429,61.934,82.2563,99.4603,104.726,108.911,112.522,115.757,119.845,124.057,131.023,77.9384,43.5364,27.1351,12.1841,-1.0,-1.0,-1.0,-1.0,-1.0
21.754,0.0,0.9999999999999998,9.800910651875686e-32,4,203.092,0.00323824,0.173466,186.24,186.239,184.388,184.388,0.420009,905.176,-0.0128462,15518.4,0.0,4.85936,10.3052,15.7849,25.8522,42.1478,61.6471,81.8733,98.3716,103.538,107.669,111.243,114.45,118.507,122.692,129.622,78.0874,43.6189,27.1863,12.207,-1.0,-1.0,-1.0,-1.0,-1.0
21.776,0.0,0.9999999999999998,6.370591923719195e-32,4,203.741,0.00194516,0.174005,186.836,186.836,184.956,184.956,0.422669,906.419,-0.012849,15566.2,0.0,4.83706,10.2579,15.7124,25.7331,41.9531,61.3614,81.4926,97.2787,102.348,106.425,109.961,113.139,117.165,121.323,128.215,78.2357,43.7012,27.2374,12.2299,-1.0,-1.0,-1.0,-1.0,-1.0
21.798,0.0,0.9999999999999998,4.1408847504174773e-32,4,204.389,0.00117638,0.174495,187.432,187.431,185.522,185.522,0.425335,907.666,-0.0128505,15613.8,0.0,4.81472,10.2105,15.6397,25.614,41.7586,61.0764,81.1134,96.1813,101.154,105.177,108.675,111.825,115.819,119.949,126.804,78.3834,43.7834,27.2886,12.2528,-1.0,-1.0,-1.0,-1.0,-1.0
21.82,0.0,0.9999999999999998,2.6915750877713604e-32,4,205.035,0.000665013,0.174963,188.026,188.026,186.087,186.087,0.428025,908.917,-0.0128518,15661.4,0.0,4.79218,10.1627,15.5664,25.4938,41.5625,60.7891,80.7312,95.0781,99.9562,103.925,107.386,110.506,114.468,118.569,125.387,78.5322,43.8664,27.3402,12.276,-1.0,-1.0,-1.0,-1.0,-1.0
21.842,0.0,0.9999999999999998,1.7495238070513843e-32,4,205.68,0.000387615,0.175455,188.619,188.619,186.65,186.65,0.430718,910.172,-0.0128524,15708.8,0.0,4.76961,10.1148,15.4931,25.3737,41.3665,60.5022,80.3499,93.9703,98.7549,102.67,106.092,109.183,113.113,117.186,123.964,78.6808,43.9492,27.3918,12.2991,-1.0,-1.0,-1.0,-1.0,-1.0
21.864,0.0,0.9999999999999998,1.1371904745833998e-32,4,206.324,0.000304241,0.175994,189.211,189.211,187.213,187.213,0.433416,911.431,-0.0128524,15756.1,0.0,4.74701,10.0668,15.4197,25.2534,41.1705,60.2155,79.9692,92.8577,97.55,101.411,104.794,107.856,111.753,115.797,122.536,78.8291,44.0321,27.4435,12.3223,-1.0,-1.0,-1.0,-1.0,-1.0
21.886,0.0,0.9999999999999998,7.391738084792098e-33,4,206.966,0.000230296,0.176584,189.802,189.802,187.774,187.774,0.436114,912.694,-0.0128524,15803.3,0.0,4.7244,10.0189,15.3462,25.1332,40.9744,59.9287,79.5883,91.7401,96.3413,100.148,103.493,106.524,110.389,114.403,121.103,78.9775,44.115,27.4951,12.3455,-1.0,-1.0,-1.0,-1.0,-1.0
21.908,0.0,0.9999999999999998,4.804629755114864e-33,4,207.607,0.000182886,0.177196,190.392,190.392,188.334,188.334,0.438826,913.961,-0.0128524,15850.5,0.0,4.70168,9.97073,15.2724,25.0123,40.7774,59.6406,79.2056,90.6171,95.1285,98.8808,102.187,105.188,109.019,113.004,119.664,79.1266,44.1983,27.5471,12.3688,-1.0,-1.0,-1.0,-1.0,-1.0
21.93,0.0,0.9999999999999998,3.123009340824662e-33,4,208.247,0.000129862,0.171372,190.977,190.977,188.894,188.894,0.441551,915.232,-0.0128524,15897.6,0.0,4.67885,9.9223,15.1982,24.8908,40.5793,59.3509,78.8209,89.4888,93.9118,97.6099,100.877,103.848,107.646,111.6,118.219,79.2765,44.282,27.5992,12.3923,-1.0,-1.0,-1.0,-1.0,-1.0
21.952,0.0,0.9999999999999998,2.0299560715360305e-33,4,208.886,0.000105096,0.157281,191.563,191.563,189.456,189.456,0.444279,916.507,-0.0128524,15944.9,0.0,4.65599,9.87383,15.124,24.7692,40.3811,59.061,78.4109,88.3556,92.6911,96.3352,99.5634,102.503,106.267,110.191,116.769,79.5065,44.3658,27.6515,12.4157,-1.0,-1.0,-1.0,-1.0,-1.0
21.974,0.0,0.9999999999999998,1.3194714464984199e-33,4,209.521,7.56625e-05,0.140721,192.15,192.15,190.043,190.043,0.447013,917.785,-0.0128524,15995.2,0.0,4.63309,9.82526,15.0496,24.6474,40.1824,58.7705,77.8623,87.2174,91.4666,95.0566,98.2454,101.154,104.884,108.777,115.313,80.1838,44.4498,27.7038,12.4392,-1.0,-1.0,-1.0,-1.0,-1.0
21.996,0.0,0.9999999999999998,8.576564402239729e-34,4,210.154,7.15139e-05,0.111775,192.732,192.732,190.66,190.66,0.449762,919.067,-0.0128524,16046.1,0.0,4.61006,9.77642,14.9748,24.5249,39.9827,58.4783,77.2113,86.074,90.2381,93.7741,96.9233,99.801,103.496,107.358,113.851,124.849,44.5342,27.7564,12.4628,-1.0,-1.0,-1.0,-1.0,-1.0
22.018,0.0,0.9999999999999998,5.574766861455824e-34,4,210.791,7.32917e-05,0.0922883,193.317,193.317,191.195,191.195,0.452516,920.354,-0.0128524,16091.1,0.0,4.58699,9.72749,14.8998,24.4021,39.7826,58.1856,76.4907,84.9256,89.0058,92.4877,95.5971,98.4434,102.103,105.934,112.384,123.332,44.6188,27.8092,12.4865,-1.0,-1.0,-1.0,-1.0,-1.0
22.04,0.0,0.9999999999999998,3.6235984599462854e-34,4,211.426,6.14187e-05,0.0810877,193.903,193.903,191.722,191.722,0.455275,921.644,-0.0128524,16135.4,0.0,4.56386,9.67846,14.8247,24.2791,39.5821,57.8923,75.7178,83.7725,87.7696,91.1976,94.2668,97.0815,100.706,104.505,110.911,121.808,44.7036,27.862,12.5102,-1.0,-1.0,-1.0,-1.0,-1.0
22.062,0.0,0.9999999999999998,2.3553389989650856e-34,4,212.061,5.85104e-05,0.0698706,194.483,194.483,192.245,192.245,0.458052,922.938,-0.0128524,16179.4,0.0,4.5406,9.62912,14.7492,24.1554,39.3803,57.5972,74.9026,82.6141,86.5293,89.9033,92.9324,95.7151,99.3036,103.07,109.432,120.278,44.7889,27.9151,12.5341,-1.0,-1.0,-1.0,-1.0,-1.0
22.084,0.0,0.9999999999999998,1.5309703493273058e-34,4,212.694,5.09161e-05,0.0488504,195.061,195.061,192.779,192.779,0.460826,924.236,-0.0128524,16224.4,0.0,4.51736,9.57983,14.6737,24.0317,39.1787,57.3024,74.0543,81.4511,85.2853,88.6054,91.594,94.3444,97.8967,101.631,107.947,118.74,44.8741,27.9683,12.558,-1.0,-1.0,-1.0,-1.0,-1.0
22.106,0.0,0.9999999999999998,9.95130727062749e-35,4,213.323,2.55716e-05,0.0287886,195.643,195.643,193.341,193.341,0.463618,925.538,-0.0128524,16273.0,0.0,4.49396,9.53022,14.5977,23.9073,38.9758,57.0056,73.1764,80.283,84.0373,87.3034,90.2515,92.9694,96.4852,100.186,106.456,117.196,44.9599,28.0217,12.582,-1.0,-1.0,-1.0,-1.0,-1.0
22.128,0.0,0.9999999999999998,6.468349725907868e-35,4,213.944,3.46471e-05,-0.0164413,196.217,196.217,194.02,194.02,0.466411,926.843,-0.0128524,16328.8,0.0,4.47057,9.4806,14.5217,23.7828,38.7729,56.7089,72.2742,79.1104,82.7855,85.9978,88.905,91.5902,95.0689,98.7361,104.96,115.644,45.0456,28.0752,12.606,-1.0,-1.0,-1.0,-1.0,-1.0
22.15,0.0,0.9999999999999998,4.204427321840115e-35,4,214.575,3.9823e-05,-0.0443983,196.797,196.796,194.531,194.531,0.469223,928.153,-0.0128524,16371.8,0.0,4.44701,9.43064,14.4452,23.6575,38.5685,56.41,71.3494,77.9326,81.5297,84.6882,87.5544,90.2065,93.6479,97.2811,103.458,114.086,45.132,28.129,12.6301,-1.0,-1.0,-1.0,-1.0,-1.0
22.172,0.0,0.9999999999999998,2.7328777591960745e-35,4,215.204,2.96345e-05,-0.0602615,197.376,197.376,195.042,195.042,0.472031,929.466,-0.0128524,16414.7,0.0,4.42348,9.38074,14.3687,23.5323,38.3645,56.1116,70.4058,76.7505,80.2702,83.3748,86.1997,88.8186,92.2222,95.8209,101.949,112.521,45.2183,28.1828,12.6543,-1.0,-1.0,-1.0,-1.0,-1.0
22.194,0.0,0.9999999999999998,1.7763705434774483e-35,4,215.832,1.75053e-05,-0.0711586,197.951,197.951,195.548,195.548,0.474859,930.783,-0.0128524,16457.4,0.0,4.39978,9.3305,14.2918,23.4062,38.159,55.811,69.4436,75.5632,79.0067,82.0575,84.841,87.4263,90.7916,94.3554,100.435,110.948,45.3052,28.2369,12.6786,3.15444,3.15229,3.1511,3.15088,3.15161
22.216,0.0,0.9999999999999998,1.1546408532603414e-35,4,216.458,1.94054e-05,-0.0849873,198.525,198.525,196.066,196.066,0.477682,932.104,-0.0128524,16500.9,0.0,4.37613,9.28034,14.2149,23.2804,37.9539,55.511,68.4659,74.3717,77.7396,80.7365,83.4783,86.0298,89.3564,92.8848,98.9146,109.368,45.3919,28.291,12.7029,-1.0,-1.0,-1.0,-1.0,-1.0
22.238,0.0,0.9999999999999998,7.50516554619222e-36,4,217.079,1.41201e-05,-0.0943719,199.1,199.1,196.614,196.614,0.480528,933.429,-0.0128524,16548.0,0.0,4.35229,9.22977,14.1375,23.1536,37.7471,55.2085,67.4723,73.1751,76.4683,79.4115,82.1114,84.6288,87.9164,91.4089,97.3881,107.78,45.4793,28.3455,12.7273,-1.0,-1.0,-1.0,-1.0,-1.0
22.26,0.0,0.9999999999999998,4.8783576050249435e-36,4,217.696,1.50918e-05,-0.118568,199.669,199.669,197.229,197.229,0.483375,934.757,-0.0128524,16598.9,0.0,4.32844,9.17919,14.06,23.0267,37.5402,54.906,66.4651,71.9741,75.1933,78.0828,80.7407,83.2235,86.4716,89.9279,95.8557,106.186,45.5668,28.4,12.7518,-1.0,-1.0,-1.0,-1.0,-1.0
22.282,0.0,0.9999999999999998,3.170932443266214e-36,4,218.317,1.06206e-05,-0.135144,200.24,200.24,197.759,197.759,0.486231,936.09,-0.0128524,16643.4,0.0,4.30451,9.12844,13.9823,22.8994,37.3327,54.6024,65.445,70.7684,73.9145,76.7503,79.3658,81.814,85.0221,88.4415,94.317,104.583,45.6545,28.4547,12.7763,-1.0,-1.0,-1.0,-1.0,-1.0
22.304,0.0,0.9999999999999998,2.061106088123039e-36,4,218.937,6.15877e-06,-0.144722,200.811,200.811,198.278,198.278,0.489094,937.426,-0.0128524,16687.1,0.0,4.28052,9.07758,13.9044,22.7718,37.1246,54.2981,64.4128,69.5583,72.6321,75.4141,77.9871,80.4003,83.5679,86.9499,92.7724,102.974,45.7424,28.5095,12.801,-1.0,-1.0,-1.0,-1.0,-1.0
22.326,0.0,0.9999999999999998,1.3397189572799754e-36,4,219.556,7.79333e-06,-0.152817,201.378,201.379,198.793,198.793,0.491958,938.766,-0.0128524,16730.4,0.0,4.25653,9.02669,13.8264,22.6441,36.9165,53.9938,63.3694,68.3439,71.3458,74.0742,76.6044,78.9823,82.109,85.4531,91.2216,101.356,45.8304,28.5643,12.8256,-1.0,-1.0,-1.0,-1.0,-1.0
22.348,0.0,0.9999999999999998,8.708173222319841e-37,4,220.173,2.18479e-05,-0.161102,201.946,201.946,199.314,199.314,0.494832,940.109,-0.0128524,16774.2,0.0,4.23244,8.97562,13.7482,22.516,36.7077,53.6883,62.3151,67.1248,70.0558,72.7306,75.2179,77.5599,80.6453,83.951,89.6646,99.7312,45.9187,28.6193,12.8503,-1.0,-1.0,-1.0,-1.0,-1.0
22.37,0.0,0.9999999999999998,5.660312594507897e-37,4,220.786,3.34664e-06,-0.167875,202.512,202.512,199.864,199.864,0.497714,941.457,-0.0128524,16820.9,0.0,4.2083,8.92442,13.6698,22.3876,36.4982,53.3713,61.2504,65.9013,68.762,71.3832,73.8272,76.1334,79.1768,82.4436,88.1012,98.0983,46.0072,28.6745,12.8751,-1.0,-1.0,-1.0,-1.0,-1.0
22.392,0.0,0.9999999999999998,3.679203186430133e-37,4,221.397,-1.20308e-05,-0.181115,203.075,203.075,200.421,200.421,0.500607,942.808,-0.0128524,16867.5,0.0,4.18406,8.87301,13.591,22.2586,36.288,52.9171,60.1758,64.6733,67.4643,70.0319,72.4326,74.7025,77.7035,80.9308,86.5315,96.4575,46.0961,28.7299,12.8999,-1.0,-1.0,-1.0,-1.0,-1.0
22.414,0.0,0.9999999999999998,2.3914820711795867e-37,4,222.008,-1.11068e-05,-0.191222,203.637,203.637,200.945,200.945,0.503508,944.163,-0.0128524,16911.5,0.0,4.15976,8.82148,13.5121,22.1293,36.0773,52.3413,59.0918,63.4408,66.1629,68.6769,71.034,73.2672,76.2254,79.4126,84.9555,94.8087,46.1852,28.7854,12.9249,-1.0,-1.0,-1.0,-1.0,-1.0
22.436,0.0,0.9999999999999998,1.5544633462667313e-37,4,222.618,-1.17733e-05,-0.196924,204.198,204.198,201.46,201.46,0.506418,945.522,-0.0128524,16954.8,0.0,4.13537,8.76977,13.4329,21.9996,35.8658,51.6815,57.9986,62.2038,64.8577,67.3182,69.6314,71.8277,74.7425,77.889,83.373,93.1518,46.2746,28.8411,12.9499,-1.0,-1.0,-1.0,-1.0,-1.0
22.458,0.0,0.9999999999999998,1.0104011750733753e-37,4,223.225,-2.34401e-05,-0.20089,204.757,204.757,201.973,201.973,0.509342,946.884,-0.0128524,16998.0,0.0,4.11088,8.71782,13.3533,21.8693,35.6533,50.9582,56.8965,60.9624,63.5486,65.9556,68.2247,70.3839,73.2547,76.3599,81.784,91.4866,46.3644,28.8971,12.975,-1.0,-1.0,-1.0,-1.0,-1.0
22.48,0.0,0.7499999999999998,6.56760763797694e-38,4,223.831,-2.2223e-05,-0.202403,205.314,205.314,202.487,202.487,0.512267,948.25,-0.0128524,17041.3,0.0,4.08637,8.66585,13.2737,21.7389,35.4408,50.1855,55.7864,59.7167,62.2359,64.5894,66.8144,68.9359,71.7623,74.8255,80.1885,89.8131,46.4543,28.9531,13.0002,-1.0,-1.0,-1.0,-1.0,-1.0
22.502,0.0,0.5624999999999998,4.268944964685011e-38,4,224.236,-2.22699e-05,-0.20249,205.8,205.8,201.118,201.118,0.5152,949.619,-0.0128524,16924.7,0.0,4.0618,8.61374,13.1939,21.6082,35.2277,49.3722,54.6685,58.4672,60.92,63.2201,65.4005,67.4841,70.2655,73.2862,78.587,88.1317,46.5715,29.0093,13.0254,-1.0,-1.0,-1.0,-1.0,-1.0
22.524,0.0,0.42187499999999983,2.774814227045257e-38,4,224.376,-3.11111e-05,-0.203959,206.05,206.05,200.078,200.078,0.51814,950.99,-0.0128524,16836.7,0.0,4.03716,8.56149,13.1139,21.4771,35.014,48.5256,53.5443,57.2151,59.6023,61.849,63.9849,66.0302,68.7662,71.7436,76.9812,86.4443,46.8651,29.0656,13.0507,-1.0,-1.0,-1.0,-1.0,-1.0
22.546,0.0,0.3164062499999999,1.8036292475794172e-38,4,224.328,-2.34372e-05,-0.205968,206.092,206.092,199.213,199.213,0.521087,952.361,-0.0128524,16763.4,0.0,4.01247,8.50914,13.0337,21.3458,34.7999,47.6513,52.4152,55.9619,58.284,60.4777,62.5688,64.5757,67.2659,70.1994,75.3727,84.7525,47.4463,29.122,13.076,-1.0,-1.0,-1.0,-1.0,-1.0
22.568,0.0,0.23730468749999992,1.1723590109266213e-38,4,224.14,-1.88782e-05,-0.205182,205.98,205.98,198.428,198.428,0.52402,953.731,-0.0128524,16696.9,0.0,3.9879,8.45703,12.9539,21.2151,34.5868,46.7544,51.2829,54.7087,56.9667,59.1074,61.1537,63.1219,65.7657,68.655,73.7629,83.0573,48.5545,29.1781,13.1012,-1.0,-1.0,-1.0,-1.0,-1.0
22.59,0.0,0.17797851562499994,0.35,4,223.849,-1.29066e-05,-0.195453,205.755,205.755,197.693,197.723,0.526953,955.1,-0.0128525,16636.0,0.0,3.96333,8.40492,12.874,21.0844,34.3736,45.8378,50.1475,53.456,55.6505,57.7386,59.7399,61.6692,64.2663,67.1107,72.1522,81.3595,51.4191,29.2343,13.1264,-1.0,-1.0,-1.0,-1.0,-1.0
22.612,0.0,0.13348388671874994,0.5774999999999999,4,222.795,0.00128222,-0.184152,198.986,198.987,194.713,194.748,0.529878,956.465,-0.0128447,16381.6,0.0,3.93885,8.35312,12.7948,20.9552,34.1643,44.9079,49.0135,52.2078,54.3397,56.3752,58.3316,60.2219,62.7718,65.5707,70.5448,79.6631,93.0076,29.2896,13.1515,-1.0,-1.0,-1.0,-1.0,-1.0
22.634,0.0,0.10011291503906246,0.7253749999999999,4,220.897,0.00594351,-0.169667,192.07,192.075,191.409,191.571,0.532783,957.821,-0.0128155,16105.9,0.0,3.91462,8.30218,12.7174,20.8302,33.9651,43.9747,47.8891,50.9725,53.0426,55.0261,56.9376,58.7887,61.2911,64.0441,68.9497,77.9772,91.2532,29.3426,13.176,-1.0,-1.0,-1.0,-1.0,-1.0
22.656,0.0,0.07508468627929685,0.8214937499999999,4,218.464,0.0171467,-0.154156,184.952,184.962,187.862,188.155,0.53566,959.163,-0.0127444,15810.9,0.0,3.89078,8.25269,12.6431,20.7127,33.785,43.0478,46.7825,49.7583,51.7675,53.6991,55.566,57.3777,59.8324,62.5391,67.3754,76.3103,89.515,29.3914,13.1998,-1.0,-1.0,-1.0,-1.0,-1.0
22.678,0.0,0.056313514709472635,0.8839709374999999,4,215.684,0.0342524,-0.132682,177.636,177.653,184.206,184.633,0.538492,960.488,-0.012629,15507.6,0.0,3.86749,8.205,12.5724,20.6039,33.6258,42.1301,45.6959,48.5674,50.5169,52.3973,54.2195,55.9921,58.3989,61.059,65.8251,74.6658,87.797,29.4353,13.2226,-1.0,-1.0,-1.0,-1.0,-1.0
22.7,0.0,0.04223513603210448,0.9245811093749999,4,212.682,0.0554196,-0.100779,170.074,170.098,180.542,181.104,0.541284,961.796,-0.012475,15204.4,0.0,3.84467,8.15887,12.5049,20.5026,33.4484,41.221,44.6282,47.399,49.29,51.12,52.8981,54.6316,56.9907,59.6039,64.2996,73.0449,86.1002,29.475,13.2445,-1.0,-1.0,-1.0,-1.0,-1.0
22.722,0.0,0.031676352024078355,0.95097772109375,4,209.536,0.0784395,-0.0521495,162.351,162.386,176.947,177.636,0.544018,963.086,-0.0122914,14906.9,0.0,3.82244,8.1144,12.4405,20.408,33.1481,40.3199,43.5781,46.252,48.086,49.8664,51.601,53.2956,55.6071,58.1736,62.7983,71.4473,84.4249,29.5109,13.2655,-1.0,-1.0,-1.0,-1.0,-1.0
22.744,0.0,0.023757264018058766,0.9681355187109375,4,206.33,0.101213,-0.00435974,154.019,154.069,173.47,174.271,0.54669,964.355,-0.0120897,14619.1,0.0,3.80079,8.07139,12.3786,20.3187,32.7565,39.4249,42.5434,45.1241,46.9026,48.6345,50.326,51.9824,54.2466,56.7664,61.3201,69.8722,82.7705,29.5439,13.2857,-1.0,-1.0,-1.0,-1.0,-1.0
22.766,0.0,0.017817948013544076,0.9792880871621094,4,203.099,0.121874,0.0534817,144.939,145.008,170.237,171.125,0.549308,965.605,-0.0118804,14351.1,0.0,3.77962,8.02949,12.3186,20.2328,32.2986,38.5348,41.5218,44.0129,45.7375,47.4219,49.0713,50.6897,52.9071,55.3805,59.8633,68.3178,81.1357,29.5752,13.3053,-1.0,-1.0,-1.0,-1.0,-1.0
22.788,0.0,0.013363461010158057,0.9865372566553711,4,199.884,0.139113,0.100865,135.167,135.256,166.958,167.927,0.551852,966.836,-0.0116752,14078.3,0.0,3.75903,7.98874,12.2603,20.1492,31.7909,37.6485,40.5115,42.9168,44.589,46.2269,47.8348,49.416,51.5869,54.0141,58.4262,66.7828,79.519,29.6114,13.3244,-1.0,-1.0,-1.0,-1.0,-1.0
22.81,-0.12,0.010022595757618543,0.9912492168259912,4,196.703,0.152371,0.130463,124.576,124.688,163.681,164.735,0.554339,968.047,-0.0114827,13806.1,0.0,3.73887,7.94868,12.2027,20.0661,31.2437,36.7649,39.5111,41.8337,43.4551,45.0478,46.6149,48.1592,50.2843,52.6656,57.007,65.2656,77.9193,29.7099,13.3431,-1.0,-1.0,-1.0,-1.0,-1.0
22.832,-0.1625,0.007516946818213907,0.6443119909368943,4,193.569,0.13912,0.141151,113.02,113.17,160.441,161.647,0.55671,969.238,-0.0106841,13540.0,0.0,3.72188,7.92411,12.1811,20.0785,30.7978,36.0058,38.6373,40.8778,42.4479,43.9946,45.5203,47.0269,49.1046,51.4385,55.7062,63.8603,76.4213,29.8266,13.3525,-1.0,-1.0,-1.0,-1.0,-1.0
22.854,-0.1625,0.005637710113660431,0.4188027941089813,4,190.6,0.298852,0.148116,114.026,114.254,161.231,162.529,0.558846,970.411,-0.00851238,13618.8,0.0,3.71185,7.93431,12.2412,20.3119,30.5874,35.4997,38.0176,40.1752,41.6928,43.1921,44.6748,46.142,48.1697,50.4533,54.6414,62.6795,75.1289,29.8705,13.3413,-1.0,-1.0,-1.0,-1.0,-1.0
22.876,-0.1625,0.0042282825852453226,0.27222181617083785,4,188.001,0.568925,0.152933,122.861,123.233,161.56,162.824,0.56067,971.567,-0.00525713,13642.9,0.0,3.70839,7.9749,12.3725,20.7418,30.5184,35.1646,37.5754,39.6531,41.1196,42.5723,44.0124,45.4401,47.4176,49.65,53.7563,61.6724,73.998,29.8559,13.3129,-1.0,-1.0,-1.0,-1.0,-1.0
22.898,-0.1625,0.003171211938933992,0.1769441805110446,4,185.745,0.838251,0.163042,135.863,136.469,160.847,162.176,0.56207,972.708,-0.00118709,13585.1,0.0,3.71155,8.04302,12.5678,21.3542,30.5252,34.9364,37.2488,39.2512,40.6692,42.0774,43.4764,44.8655,46.794,48.9759,53.0007,60.7925,72.9874,29.8008,13.2704,-1.0,-1.0,-1.0,-1.0,-1.0
22.92,-0.1625,0.002378408954200494,0.465013717332179,4,183.786,1.07361,0.17964,149.972,150.96,159.669,161.226,0.562855,973.836,0.00407684,13495.6,0.0,3.72451,8.15288,12.8621,22.159,30.6641,34.8672,37.0897,39.0212,40.3933,41.7593,43.1184,44.4702,46.3507,48.4825,52.4257,60.0899,72.1442,29.6444,13.2075,-1.0,-1.0,-1.0,-1.0,-1.0
22.942,-0.1625,0.0017838067156503705,0.6522589162659164,4,181.865,1.44829,0.178748,149.959,151.5,155.741,157.805,0.562782,974.953,0.0115333,13184.2,0.0,3.75346,8.33745,13.3422,23.0964,31.0784,35.0988,37.2387,39.1047,40.4339,41.7591,43.0795,44.3951,46.2288,48.3102,52.1706,59.7005,71.5961,29.2421,13.1103,-1.0,-1.0,-1.0,-1.0,-1.0
22.964,-0.1625,0.001337855036737778,0.7739682955728456,4,179.728,2.0821,0.155647,142.559,144.678,151.917,154.439,0.561725,976.058,0.0205936,12879.8,0.0,3.7979,8.59282,14.008,24.0763,31.6519,35.5171,37.5833,39.3909,40.6807,41.968,43.2529,44.5348,46.3235,48.357,52.1364,59.5318,71.2598,28.6645,12.987,-1.0,-1.0,-1.0,-1.0,-1.0
22.986,-0.1625,0.0010033912775533334,0.5030793921223498,4,177.375,2.79606,0.11337,131.83,134.505,148.109,150.854,0.559734,977.148,0.0297227,12567.2,0.0,3.85196,8.88454,14.7781,24.9056,32.1545,35.8861,37.8886,39.6442,40.8983,42.1518,43.4046,44.6558,46.403,48.3927,52.0967,59.3658,70.9335,28.1075,12.8583,-1.0,-1.0,-1.0,-1.0,-1.0
23.008,-0.1625,0.000752543458165,0.32700160487952734,4,175.011,3.31292,0.0946195,132.625,135.838,148.116,150.672,0.556877,978.224,0.0380038,12566.4,0.0,3.91146,9.1868,15.5849,25.5024,32.4734,36.0867,38.0324,39.7406,40.9627,42.186,43.4096,44.6324,46.342,48.2919,51.9267,59.0799,70.5025,27.6779,12.7358,-1.0,-1.0,-1.0,-1.0,-1.0
23.03,-0.1625,0.00056440759362375,0.21255104317169277,4,172.916,3.52411,0.0953,139.558,143.018,148.14,150.401,0.55303,979.287,0.0458302,12556.3,0.0,3.97915,9.51311,16.4231,25.9577,32.6844,36.1914,38.0849,39.7498,40.9428,42.1381,43.3342,44.5308,46.2059,48.1181,51.6887,58.733,70.0201,27.3217,12.6133,-1.0,-1.0,-1.0,-1.0,-1.0
